0.74897 2663
0.74897 2662
0.74897 2661
0.74897 2660
0.74897 2659
0.74897 2658
0.74897 2657
0.74897 2656
0.74897 2655
0.74897 2654
0.74897 2653
0.74897 2652
0.74897 2651
0.74897 2650
0.74897 2649
0.74897 2648
0.74897 2647
0.74897 2646
0.74897 2645
0.74897 2644
0.74897 2643
0.74897 2642
0.74897 2641
0.74897 2640
0.74897 2639
0.74897 2638
0.74897 2637
0.74897 2636
0.74897 2635
0.74897 2634
0.74897 2633
0.74897 2632
0.74897 2631
0.74897 2630
0.74897 2629
0.74897 2628
0.74897 2627
0.74897 2626
0.74897 2625
0.74897 2624
0.74897 2623
0.74897 2622
0.74897 2621
0.74897 2620
0.74897 2619
0.74897 2618
0.74897 2617
0.74897 2616
0.74897 2615
0.74897 2614
0.74897 2613
0.74897 2612
0.74897 2611
0.74897 2610
0.74897 2609
0.74897 2608
0.74897 2607
0.74897 2606
0.74897 2605
0.74897 2604
0.74897 2603
0.748847 2603
0.748847 2602
0.748847 2601
0.748847 2600
0.748847 2599
0.748847 2598
0.748746 2598
0.748746 2597
0.748746 2596
0.748746 2594
0.748746 2593
0.748746 2592
0.748746 2591
0.748746 2590
0.748746 2589
0.748746 2588
0.748746 2587
0.748746 2586
0.748746 2585
0.748746 2584
0.748746 2583
0.748746 2582
0.748746 2581
0.748746 2580
0.748746 2579
0.748746 2578
0.748746 2577
0.748746 2576
0.748746 2575
0.748746 2574
0.748746 2573
0.748746 2572
0.748746 2571
0.748746 2570
0.748746 2569
0.748746 2568
0.748746 2567
0.748746 2566
0.748746 2565
0.748746 2564
0.748746 2563
0.748746 2562
0.748746 2561
0.748746 2560
0.748746 2559
0.748746 2558
0.748746 2557
0.748746 2556
0.748746 2555
0.748746 2554
0.748746 2553
0.748746 2552
0.748746 2551
0.748746 2550
0.748746 2549
0.748746 2548
0.748746 2547
0.748746 2546
0.748746 2545
0.748746 2544
0.748746 2543
0.748746 2542
0.748746 2541
0.748746 2540
0.748746 2539
0.748746 2538
0.748746 2537
0.748746 2536
0.748746 2535
0.748746 2534
0.748746 2533
0.748746 2532
0.748746 2531
0.748746 2530
0.748746 2529
0.748746 2528
0.748746 2527
0.748746 2526
0.748746 2525
0.748746 2524
0.748746 2523
0.748746 2522
0.748746 2521
0.748746 2520
0.748746 2519
0.748746 2518
0.748746 2517
0.748628 2517
0.748628 2516
0.748628 2515
0.748628 2514
0.748628 2513
0.748628 2512
0.748628 2511
0.748628 2510
0.748628 2509
0.748628 2508
0.748628 2507
0.748628 2506
0.748628 2505
0.748628 2504
0.748525 2504
0.74852 2503
0.74852 2502
0.74852 2501
0.74852 2500
0.74852 2499
0.74852 2498
0.74852 2497
0.74852 2496
0.74852 2495
0.74852 2494
0.74852 2493
0.74852 2492
0.74852 2491
0.74852 2490
0.74852 2489
0.74852 2488
0.74852 2487
0.74852 2486
0.74852 2485
0.74852 2484
0.74852 2483
0.74852 2482
0.74852 2481
0.74852 2480
0.748376 2480
0.748376 2479
0.748376 2478
0.748376 2477
0.748376 2476
0.748376 2475
0.748376 2474
0.748376 2473
0.748376 2472
0.748376 2471
0.748376 2470
0.748376 2469
0.748376 2468
0.748376 2467
0.748376 2466
0.748376 2465
0.748376 2464
0.748376 2463
0.748376 2462
0.748376 2461
0.748376 2460
0.748376 2459
0.748376 2458
0.748376 2457
0.748376 2456
0.748376 2455
0.748376 2454
0.748376 2453
0.748376 2452
0.748376 2451
0.748376 2450
0.748376 2449
0.748376 2448
0.748376 2447
0.748376 2446
0.748376 2445
0.748376 2444
0.748376 2443
0.748376 2442
0.748376 2441
0.748376 2440
0.748376 2439
0.748376 2438
0.748376 2437
0.748376 2436
0.748376 2435
0.748376 2434
0.748376 2433
0.748376 2432
0.748376 2431
0.748376 2430
0.748376 2429
0.748376 2428
0.748376 2427
0.748376 2426
0.748376 2425
0.748376 2424
0.748376 2423
0.748275 2423
0.748275 2422
0.748275 2421
0.748275 2420
0.748275 2419
0.748275 2418
0.748275 2417
0.748275 2416
0.748275 2415
0.748275 2414
0.748275 2413
0.748275 2412
0.748275 2411
0.748275 2410
0.748275 2409
0.748275 2408
0.748133 2408
0.748133 2407
0.748133 2406
0.748133 2405
0.748133 2404
0.748133 2403
0.748133 2402
0.748133 2401
0.748133 2400
0.748133 2399
0.748133 2398
0.748133 2397
0.748133 2396
0.748133 2395
0.748133 2394
0.748133 2393
0.748133 2392
0.748133 2391
0.748133 2390
0.748133 2389
0.748133 2388
0.748133 2387
0.748133 2386
0.748133 2385
0.748133 2384
0.748133 2383
0.748133 2382
0.748133 2381
0.748133 2380
0.748133 2379
0.748133 2378
0.748133 2377
0.748133 2376
0.748133 2375
0.748133 2374
0.748133 2373
0.748133 2372
0.748133 2371
0.748133 2370
0.748133 2369
0.748133 2368
0.748133 2367
0.748133 2366
0.748133 2365
0.748133 2364
0.748133 2363
0.748133 2362
0.748133 2361
0.748131 2360
0.748131 2359
0.748131 2358
0.748131 2357
0.748131 2356
0.748131 2355
0.748131 2354
0.748131 2353
0.748131 2352
0.748131 2351
0.748131 2350
0.748131 2349
0.748131 2348
0.748131 2347
0.748131 2346
0.748131 2345
0.748131 2344
0.748131 2343
0.748131 2342
0.748131 2341
0.748131 2340
0.748131 2339
0.748131 2338
0.748131 2337
0.748131 2336
0.748131 2335
0.748131 2334
0.748131 2333
0.748131 2332
0.748131 2331
0.748131 2330
0.748131 2329
0.748131 2328
0.748131 2327
0.748131 2326
0.748131 2325
0.748131 2324
0.748131 2323
0.748131 2322
0.748131 2321
0.748131 2320
0.748131 2319
0.748131 2318
0.748131 2317
0.748131 2316
0.748131 2315
0.748131 2314
0.748131 2313
0.748131 2312
0.748131 2311
0.748131 2310
0.748131 2309
0.748131 2308
0.748131 2307
0.748131 2306
0.748131 2305
0.748131 2304
0.748131 2303
0.748131 2302
0.748131 2301
0.748131 2300
0.748131 2299
0.748131 2298
0.748131 2297
0.748131 2296
0.748131 2295
0.748131 2294
0.748131 2293
0.748131 2292
0.748131 2291
0.748131 2290
0.748131 2289
0.748131 2288
0.748131 2287
0.748131 2286
0.748131 2285
0.748131 2284
0.748131 2283
0.748131 2282
0.748131 2281
0.748131 2280
0.748131 2279
0.748131 2278
0.748131 2277
0.748131 2276
0.748131 2275
0.748131 2274
0.748131 2273
0.748131 2272
0.748131 2271
0.748131 2270
0.748131 2269
0.748131 2268
0.748001 2268
0.748001 2267
0.748001 2266
0.748001 2265
0.748001 2264
0.748001 2263
0.748001 2262
0.748001 2261
0.748001 2260
0.748001 2259
0.748001 2258
0.748001 2257
0.748001 2256
0.748001 2255
0.748001 2254
0.748001 2253
0.748001 2252
0.748001 2251
0.748001 2250
0.748001 2249
0.748001 2248
0.748001 2247
0.748001 2246
0.748001 2245
0.748001 2244
0.748001 2243
0.748001 2242
0.748001 2241
0.748001 2240
0.748001 2239
0.748001 2238
0.748001 2237
0.748001 2236
0.748001 2235
0.748001 2234
0.748001 2233
0.748001 2232
0.748001 2231
0.748001 2230
0.748001 2229
0.748001 2228
0.748001 2227
0.748001 2226
0.748001 2225
0.748001 2224
0.748001 2223
0.748001 2222
0.748001 2221
0.748001 2220
0.748001 2219
0.748001 2218
0.748001 2217
0.748001 2216
0.748001 2215
0.748001 2214
0.748001 2213
0.748001 2212
0.748001 2211
0.748001 2210
0.748001 2209
0.748001 2208
0.748001 2207
0.748001 2206
0.748001 2205
0.748001 2204
0.748001 2203
0.748001 2202
0.748001 2201
0.748001 2200
0.748001 2199
0.748001 2198
0.748001 2197
0.748001 2196
0.748001 2195
0.748001 2194
0.748001 2193
0.748001 2192
0.748001 2191
0.748001 2190
0.748001 2189
0.748001 2188
0.748001 2187
0.748001 2186
0.748001 2185
0.748001 2184
0.748001 2183
0.748001 2182
0.748001 2181
0.748001 2180
0.748001 2179
0.748001 2178
0.748001 2177
0.748001 2176
0.748001 2175
0.748001 2174
0.748001 2173
0.748001 2172
0.748001 2171
0.748001 2170
0.748001 2169
0.748001 2168
0.748001 2167
0.748001 2166
0.748001 2165
0.748001 2164
0.748001 2163
0.748001 2162
0.748001 2161
0.748001 2160
0.748001 2159
0.748001 2158
0.748001 2157
0.748001 2156
0.748001 2155
0.748001 2154
0.748001 2153
0.748001 2152
0.748001 2151
0.748001 2150
0.748001 2149
0.748001 2148
0.748001 2147
0.748001 2146
0.748001 2145
0.748001 2144
0.748001 2143
0.748001 2142
0.748001 2141
0.748001 2140
0.748001 2139
0.748001 2138
0.748001 2137
0.748001 2136
0.748001 2135
0.748001 2134
0.748001 2133
0.748001 2132
0.748001 2131
0.748001 2130
0.748001 2129
0.748001 2128
0.748001 2127
0.748001 2126
0.748001 2125
0.748001 2124
0.748001 2123
0.748001 2122
0.748001 2121
0.748001 2120
0.748001 2119
0.748001 2118
0.748001 2117
0.748001 2116
0.748001 2115
0.748001 2114
0.748001 2113
0.748001 2112
0.748001 2111
0.748001 2110
0.748001 2109
0.748001 2108
0.748001 2107
0.748001 2106
0.748001 2105
0.748001 2104
0.748001 2103
0.748001 2102
0.748001 2101
0.748001 2100
0.748001 2099
0.748001 2098
0.748001 2097
0.748001 2096
0.748001 2095
0.748001 2094
0.748001 2093
0.748001 2092
0.74789 2092
0.74789 2091
0.74789 2090
0.74789 2089
0.74789 2088
0.74789 2087
0.74789 2086
0.74789 2085
0.74789 2084
0.74789 2083
0.74789 2082
0.74789 2081
0.74789 2080
0.74789 2079
0.74789 2078
0.74789 2077
0.74789 2076
0.74789 2075
0.74789 2074
0.74789 2073
0.74789 2072
0.74789 2071
0.74789 2070
0.74789 2069
0.74789 2068
0.74789 2067
0.74789 2066
0.74789 2065
0.74789 2064
0.74789 2063
0.74789 2062
0.74789 2061
0.74789 2060
0.74789 2059
0.74789 2058
0.74789 2057
0.74789 2056
0.74789 2055
0.74789 2054
0.74789 2053
0.74789 2052
0.74789 2051
0.74789 2050
0.74789 2049
0.74789 2048
0.74789 2047
0.74789 2046
0.74789 2045
0.74789 2044
0.74789 2043
0.74789 2042
0.747795 2041
0.747795 2040
0.747795 2039
0.747795 2038
0.747795 2037
0.747795 2036
0.747795 2035
0.747795 2034
0.747795 2033
0.747795 2032
0.747795 2031
0.747795 2030
0.747795 2029
0.747795 2028
0.747668 2028
0.747668 2027
0.747668 2026
0.747668 2025
0.747668 2024
0.747668 2023
0.747668 2022
0.747668 2021
0.747668 2020
0.747668 2019
0.747668 2018
0.747668 2017
0.747668 2016
0.747668 2015
0.747668 2014
0.747668 2013
0.747668 2012
0.747668 2011
0.747668 2010
0.747668 2009
0.747668 2008
0.747668 2007
0.747668 2006
0.747668 2005
0.747668 2004
0.747668 2003
0.747668 2002
0.747668 2001
0.747668 2000
0.747668 1999
0.747668 1998
0.747596 1997
0.747596 1996
0.747596 1995
0.747596 1994
0.747596 1993
0.747596 1992
0.747596 1991
0.747596 1990
0.747596 1989
0.747596 1988
0.747596 1987
0.747596 1986
0.747596 1985
0.747596 1984
0.747596 1983
0.747596 1982
0.747596 1981
0.747596 1980
0.747596 1979
0.747596 1978
0.747596 1977
0.747596 1976
0.747596 1975
0.747596 1974
0.747596 1973
0.747596 1972
0.747596 1971
0.747596 1970
0.747596 1969
0.747596 1968
0.747596 1967
0.747596 1966
0.747596 1965
0.747596 1964
0.747596 1963
0.747596 1962
0.747596 1961
0.747596 1960
0.747596 1959
0.747596 1958
0.747596 1957
0.747596 1956
0.747596 1955
0.747596 1954
0.747596 1953
0.747596 1952
0.747596 1951
0.747596 1950
0.747596 1949
0.747596 1948
0.747596 1947
0.747596 1946
0.747596 1945
0.747596 1944
0.747596 1943
0.747454 1943
0.747454 1942
0.747454 1941
0.747454 1940
0.747454 1939
0.747454 1938
0.747454 1937
0.747454 1936
0.747454 1935
0.747454 1934
0.747454 1933
0.747454 1932
0.747454 1931
0.747454 1930
0.747454 1929
0.747454 1928
0.747454 1927
0.747454 1926
0.747454 1925
0.747454 1924
0.747454 1923
0.747454 1922
0.747454 1921
0.747454 1920
0.747454 1919
0.747454 1918
0.747454 1917
0.747454 1916
0.747454 1915
0.747454 1914
0.747454 1913
0.747454 1912
0.747454 1911
0.747454 1910
0.747454 1909
0.747454 1908
0.747454 1907
0.747454 1906
0.747454 1905
0.747454 1904
0.747454 1903
0.747454 1902
0.747454 1901
0.747454 1900
0.747454 1899
0.747454 1898
0.747454 1897
0.747454 1896
0.747454 1895
0.747454 1894
0.747454 1893
0.747454 1892
0.747454 1891
0.747454 1890
0.747454 1889
0.747454 1888
0.747454 1887
0.747454 1886
0.747454 1885
0.747454 1884
0.747454 1883
0.747454 1882
0.747454 1881
0.747454 1880
0.747323 1880
0.747323 1879
0.747323 1878
0.747323 1877
0.747323 1876
0.747323 1875
0.747323 1874
0.747323 1873
0.747323 1872
0.747323 1871
0.747323 1870
0.747323 1869
0.747323 1868
0.747323 1867
0.747323 1866
0.747323 1865
0.747323 1864
0.747323 1863
0.747323 1862
0.747323 1861
0.747323 1860
0.747182 1860
0.747182 1859
0.747182 1858
0.747043 1858
0.747043 1857
0.747043 1856
0.746934 1856
0.746934 1855
0.746934 1854
0.746811 1854
0.746811 1853
0.746811 1852
0.746811 1851
0.746811 1850
0.746811 1849
0.746811 1848
0.746811 1847
0.746811 1846
0.746811 1845
0.746682 1845
0.746682 1844
0.746682 1843
0.746682 1842
0.746682 1841
0.746682 1840
0.746682 1839
0.746682 1838
0.746682 1837
0.746682 1836
0.746682 1835
0.746682 1834
0.746682 1833
0.746682 1832
0.746682 1831
0.746682 1830
0.746682 1829
0.746682 1828
0.746682 1827
0.746682 1826
0.746682 1825
0.746682 1824
0.746682 1823
0.746682 1822
0.746682 1821
0.746682 1820
0.746682 1819
0.746682 1818
0.746682 1817
0.746682 1816
0.746682 1815
0.746682 1814
0.746682 1813
0.746682 1812
0.746682 1811
0.746682 1810
0.746682 1809
0.746682 1808
0.746682 1807
0.746682 1806
0.746682 1805
0.746682 1804
0.746682 1803
0.746682 1802
0.746682 1801
0.746682 1800
0.746682 1799
0.746682 1798
0.746682 1797
0.746682 1796
0.746682 1795
0.746682 1794
0.746682 1793
0.746682 1792
0.746682 1791
0.746682 1790
0.746682 1789
0.746682 1788
0.746682 1787
0.746682 1786
0.746682 1785
0.746682 1784
0.746682 1783
0.746682 1782
0.746682 1781
0.746535 1781
0.746535 1780
0.746535 1779
0.746535 1778
0.746535 1777
0.746535 1776
0.746535 1775
0.746535 1774
0.746535 1773
0.746535 1772
0.746535 1771
0.746535 1770
0.746535 1769
0.746535 1768
0.746535 1767
0.746535 1766
0.746535 1765
0.746535 1764
0.746535 1763
0.746535 1762
0.746535 1761
0.746535 1760
0.746535 1759
0.746453 1758
0.746453 1757
0.746453 1756
0.746453 1755
0.746453 1754
0.746453 1753
0.746453 1752
0.746453 1751
0.746453 1750
0.746453 1749
0.746453 1748
0.746453 1747
0.746453 1746
0.746453 1745
0.746453 1744
0.746453 1743
0.746453 1742
0.746453 1741
0.746453 1740
0.746453 1739
0.746453 1738
0.746453 1737
0.746453 1736
0.746453 1735
0.746453 1734
0.746453 1733
0.746453 1732
0.746453 1731
0.746453 1730
0.746453 1729
0.746453 1728
0.746453 1727
0.746453 1726
0.746453 1725
0.746453 1724
0.746453 1723
0.746453 1722
0.746453 1721
0.746453 1720
0.746453 1719
0.746453 1718
0.746453 1717
0.746453 1716
0.746453 1715
0.746453 1714
0.746453 1713
0.746453 1712
0.746453 1711
0.746453 1710
0.746318 1710
0.746318 1709
0.746318 1708
0.746318 1707
0.746318 1706
0.746318 1705
0.746318 1704
0.746318 1703
0.746318 1702
0.746318 1701
0.746318 1700
0.746318 1699
0.746318 1698
0.746318 1697
0.746318 1696
0.746318 1695
0.746318 1694
0.746318 1693
0.746318 1692
0.746042 1692
0.746042 1691
0.746042 1690
0.746042 1689
0.746042 1688
0.746042 1687
0.746042 1686
0.746042 1685
0.746042 1684
0.746042 1683
0.746042 1682
0.746042 1681
0.746042 1680
0.746042 1679
0.746042 1678
0.746042 1677
0.746042 1676
0.746042 1675
0.746042 1674
0.746042 1673
0.746042 1672
0.746042 1671
0.746042 1670
0.746042 1669
0.746042 1668
0.746042 1667
0.746042 1666
0.746042 1665
0.745884 1665
0.745884 1664
0.745884 1663
0.745884 1662
0.745884 1661
0.745884 1660
0.745884 1659
0.745884 1658
0.745739 1658
0.745739 1657
0.745739 1656
0.745739 1655
0.745739 1654
0.745739 1653
0.745739 1652
0.745739 1651
0.745739 1650
0.745739 1649
0.745739 1648
0.745739 1647
0.745739 1646
0.745739 1645
0.745739 1644
0.745739 1643
0.745739 1642
0.745739 1641
0.745739 1640
0.745739 1639
0.745739 1638
0.745739 1637
0.745739 1636
0.745739 1635
0.745739 1634
0.745739 1633
0.745739 1632
0.745739 1631
0.745739 1630
0.745739 1629
0.745739 1628
0.745739 1627
0.745739 1626
0.745739 1625
0.745739 1624
0.745739 1623
0.745739 1622
0.745739 1621
0.745739 1620
0.745739 1619
0.745739 1618
0.745739 1617
0.745739 1616
0.745739 1615
0.745739 1614
0.745739 1613
0.745739 1612
0.745739 1611
0.745739 1610
0.745739 1609
0.745739 1608
0.745739 1607
0.745739 1606
0.745739 1605
0.745739 1604
0.745739 1603
0.745739 1602
0.745654 1601
0.745654 1600
0.745654 1599
0.745654 1598
0.745654 1597
0.745654 1596
0.745654 1595
0.745654 1594
0.745654 1593
0.745654 1592
0.745654 1591
0.745654 1590
0.745654 1589
0.745654 1588
0.745654 1587
0.745654 1586
0.745654 1585
0.745654 1584
0.745654 1583
0.745654 1582
0.745654 1581
0.745654 1580
0.745654 1579
0.745654 1578
0.745654 1577
0.745654 1576
0.745654 1575
0.745654 1574
0.745654 1573
0.745654 1572
0.745654 1571
0.745654 1570
0.745654 1569
0.745654 1568
0.745654 1567
0.745654 1566
0.745654 1565
0.745654 1564
0.745654 1563
0.745551 1563
0.745551 1562
0.745551 1561
0.745551 1560
0.745551 1559
0.745551 1558
0.745551 1557
0.745551 1556
0.745551 1555
0.745551 1554
0.745551 1553
0.745551 1552
0.745551 1551
0.745551 1550
0.745551 1549
0.745551 1548
0.745551 1547
0.745551 1546
0.745551 1545
0.745551 1544
0.745551 1543
0.745551 1542
0.745427 1542
0.745427 1541
0.745427 1540
0.745427 1539
0.745427 1538
0.745427 1537
0.745427 1536
0.745427 1535
0.745305 1535
0.745305 1534
0.745305 1533
0.745305 1532
0.745305 1531
0.745305 1530
0.745305 1529
0.745305 1528
0.745305 1527
0.745305 1526
0.745305 1525
0.745305 1524
0.745305 1523
0.745207 1523
0.745207 1522
0.745207 1521
0.745207 1520
0.745207 1519
0.745207 1518
0.745207 1517
0.745207 1516
0.745207 1515
0.745207 1514
0.745207 1513
0.745207 1512
0.745207 1511
0.745207 1510
0.745207 1509
0.745207 1508
0.745087 1508
0.744938 1508
0.744938 1507
0.744938 1506
0.744938 1505
0.744938 1504
0.744938 1503
0.744938 1502
0.744938 1501
0.744938 1500
0.744938 1499
0.744938 1498
0.744938 1497
0.744938 1496
0.744938 1495
0.744938 1494
0.744797 1494
0.744797 1493
0.744797 1492
0.744797 1491
0.744797 1490
0.744797 1489
0.744797 1488
0.744797 1487
0.744797 1486
0.744797 1485
0.744797 1484
0.744665 1484
0.744665 1483
0.744665 1482
0.744665 1481
0.744665 1480
0.744665 1479
0.744665 1478
0.744665 1477
0.744665 1476
0.744665 1475
0.744665 1474
0.744665 1473
0.744665 1472
0.744665 1471
0.744665 1470
0.744665 1469
0.744665 1468
0.744665 1467
0.744665 1466
0.744665 1465
0.744665 1464
0.744603 1463
0.744603 1462
0.744445 1462
0.744445 1461
0.744445 1460
0.744445 1459
0.744445 1458
0.744445 1457
0.744445 1456
0.744445 1455
0.744445 1454
0.744445 1453
0.744445 1452
0.744445 1451
0.744445 1450
0.744445 1449
0.744445 1448
0.744445 1447
0.744445 1446
0.744445 1445
0.744445 1444
0.744445 1443
0.744445 1442
0.744445 1441
0.744445 1440
0.744445 1439
0.744445 1438
0.744445 1437
0.744445 1436
0.744445 1435
0.744445 1434
0.744445 1433
0.744445 1432
0.744445 1431
0.744445 1430
0.744445 1429
0.744445 1428
0.744445 1427
0.744445 1426
0.744445 1425
0.744445 1424
0.744445 1423
0.744445 1422
0.744445 1421
0.744445 1420
0.744445 1419
0.744445 1418
0.744445 1417
0.744445 1416
0.744445 1415
0.744445 1414
0.744445 1413
0.744445 1412
0.744445 1411
0.744445 1410
0.744445 1409
0.744445 1408
0.744445 1407
0.744445 1406
0.744445 1405
0.744445 1404
0.744445 1403
0.744445 1402
0.744445 1401
0.744445 1400
0.744445 1399
0.744445 1398
0.744445 1397
0.744445 1396
0.744445 1395
0.744445 1394
0.744445 1393
0.744445 1392
0.744445 1391
0.744445 1390
0.744445 1389
0.744445 1388
0.744445 1387
0.744445 1386
0.744445 1385
0.744445 1384
0.744445 1383
0.744445 1382
0.744445 1381
0.744445 1380
0.744445 1379
0.744445 1378
0.744445 1377
0.744445 1376
0.744445 1375
0.744445 1374
0.744445 1373
0.744445 1372
0.744445 1371
0.744445 1370
0.744445 1369
0.744445 1368
0.744445 1367
0.744445 1366
0.744445 1365
0.744445 1364
0.744445 1363
0.744445 1362
0.744445 1361
0.744445 1360
0.744445 1359
0.744445 1358
0.744445 1357
0.744445 1356
0.744445 1355
0.744445 1354
0.744445 1353
0.74433 1353
0.74433 1352
0.74433 1351
0.74433 1350
0.74433 1349
0.74433 1348
0.74433 1347
0.74433 1346
0.74433 1345
0.74433 1344
0.74433 1343
0.74433 1342
0.74433 1341
0.74433 1340
0.74433 1339
0.74433 1338
0.74433 1337
0.74433 1336
0.74433 1335
0.74433 1334
0.74433 1333
0.74433 1332
0.74433 1331
0.74433 1330
0.74433 1329
0.74433 1328
0.74433 1327
0.744198 1327
0.744198 1326
0.744053 1326
0.744053 1325
0.744053 1324
0.744053 1323
0.744053 1322
0.744053 1321
0.744053 1320
0.744053 1319
0.744053 1318
0.744053 1317
0.744053 1316
0.743942 1316
0.743942 1315
0.743942 1314
0.743942 1313
0.743942 1312
0.743942 1311
0.743797 1311
0.743797 1310
0.743797 1309
0.743797 1308
0.743797 1307
0.743797 1306
0.743797 1305
0.743797 1304
0.743797 1303
0.743797 1302
0.743797 1301
0.743797 1300
0.743797 1299
0.743797 1298
0.743797 1297
0.743658 1297
0.743658 1296
0.743658 1295
0.743658 1294
0.743658 1293
0.743658 1292
0.743658 1291
0.743658 1290
0.743658 1289
0.743658 1288
0.743658 1287
0.743658 1286
0.743658 1285
0.743658 1284
0.743658 1283
0.743658 1282
0.743658 1281
0.743658 1280
0.743658 1279
0.743658 1278
0.743658 1277
0.743658 1276
0.743658 1275
0.743658 1274
0.743658 1273
0.743525 1273
0.743525 1272
0.743409 1272
0.743409 1271
0.743409 1270
0.743409 1269
0.743409 1268
0.743409 1267
0.743409 1266
0.743409 1265
0.743409 1264
0.743409 1263
0.743409 1262
0.743409 1261
0.743409 1260
0.743409 1259
0.743409 1258
0.743409 1257
0.743409 1256
0.743409 1255
0.743409 1254
0.743409 1253
0.743409 1252
0.743409 1251
0.743409 1250
0.743409 1249
0.743409 1248
0.743409 1247
0.743409 1246
0.743409 1245
0.743409 1244
0.743409 1243
0.743409 1242
0.743409 1241
0.743409 1240
0.743409 1239
0.743409 1238
0.743409 1237
0.743409 1236
0.743409 1235
0.743409 1234
0.743409 1233
0.743409 1232
0.743409 1231
0.743409 1230
0.743409 1229
0.743409 1228
0.743409 1227
0.743409 1226
0.743298 1226
0.743298 1225
0.743298 1224
0.743298 1223
0.743298 1222
0.743298 1221
0.743298 1220
0.743298 1219
0.743298 1218
0.743298 1217
0.743298 1216
0.743288 1215
0.743288 1214
0.743288 1213
0.743288 1212
0.743288 1211
0.743288 1210
0.743288 1209
0.743288 1208
0.743288 1207
0.743288 1206
0.743288 1205
0.743288 1204
0.743288 1203
0.743288 1202
0.743288 1201
0.743288 1200
0.743288 1199
0.743288 1198
0.743288 1197
0.743288 1196
0.743288 1195
0.743288 1194
0.743288 1193
0.743288 1192
0.743288 1191
0.743288 1190
0.743274 1189
0.743274 1188
0.743274 1187
0.743274 1186
0.743274 1185
0.743274 1184
0.743202 1183
0.743202 1182
0.743202 1181
0.743202 1180
0.743202 1179
0.743057 1179
0.743057 1178
0.743057 1177
0.743057 1176
0.743057 1175
0.743057 1174
0.743057 1173
0.743057 1172
0.743057 1171
0.743057 1170
0.743057 1169
0.743057 1168
0.743057 1167
0.743057 1166
0.743057 1165
0.743057 1164
0.743057 1163
0.743057 1162
0.743057 1161
0.743057 1160
0.743057 1159
0.743057 1158
0.743057 1157
0.743057 1156
0.743057 1155
0.743057 1154
0.743057 1153
0.743057 1152
0.743057 1151
0.743057 1150
0.742929 1150
0.742929 1149
0.742929 1148
0.742929 1147
0.742929 1146
0.742929 1145
0.742929 1144
0.742929 1143
0.742929 1142
0.742792 1142
0.742792 1141
0.742792 1140
0.742792 1139
0.742792 1138
0.742792 1137
0.742792 1136
0.742792 1135
0.742792 1134
0.742792 1133
0.742792 1132
0.742792 1131
0.742792 1130
0.742792 1129
0.742792 1128
0.742792 1127
0.742746 1126
0.742746 1125
0.742746 1124
0.742746 1123
0.742746 1122
0.742746 1121
0.742746 1120
0.742746 1119
0.742746 1118
0.742746 1117
0.742746 1116
0.742746 1115
0.742746 1114
0.742589 1114
0.742589 1113
0.742589 1112
0.742589 1111
0.742589 1110
0.742589 1109
0.742589 1108
0.742589 1107
0.742589 1106
0.742589 1105
0.742589 1104
0.742455 1104
0.742308 1104
0.742308 1103
0.742308 1102
0.742308 1101
0.742308 1100
0.742308 1099
0.742308 1098
0.742308 1097
0.742308 1096
0.742308 1095
0.742308 1094
0.742308 1093
0.742308 1092
0.742308 1091
0.742308 1090
0.742308 1089
0.742308 1088
0.742155 1088
0.742155 1087
0.742155 1086
0.742155 1085
0.742155 1084
0.742155 1083
0.74202 1083
0.74202 1082
0.74202 1081
0.74202 1080
0.74202 1079
0.74202 1078
0.74202 1077
0.74202 1076
0.74202 1075
0.74202 1074
0.74202 1073
0.74202 1072
0.74202 1071
0.74202 1070
0.74202 1069
0.74202 1068
0.741869 1068
0.741869 1067
0.741869 1066
0.741869 1065
0.741869 1064
0.741869 1063
0.741869 1062
0.741869 1061
0.741869 1060
0.741869 1059
0.741869 1058
0.741869 1057
0.741869 1056
0.741869 1055
0.741869 1054
0.741869 1053
0.741869 1052
0.741869 1051
0.741869 1050
0.741869 1049
0.741869 1048
0.741869 1047
0.741869 1046
0.741869 1045
0.741869 1044
0.741869 1043
0.741863 1042
0.741863 1041
0.741863 1040
0.741751 1040
0.741751 1039
0.741751 1038
0.741751 1037
0.741751 1036
0.741751 1035
0.741751 1034
0.741751 1033
0.741751 1032
0.741751 1031
0.741751 1030
0.741751 1029
0.741751 1028
0.741751 1027
0.741751 1026
0.741651 1026
0.741651 1025
0.741651 1024
0.741651 1023
0.741651 1022
0.741651 1021
0.741651 1020
0.741651 1019
0.741651 1018
0.741651 1017
0.741651 1016
0.741651 1015
0.741501 1015
0.741501 1013
0.741501 1012
0.741501 1011
0.741501 1010
0.741501 1009
0.741501 1008
0.741501 1007
0.741501 1006
0.741501 1005
0.741501 1004
0.741501 1003
0.741501 1002
0.741501 1001
0.741501 1000
0.741501 999
0.741501 998
0.741501 997
0.741501 996
0.741501 995
0.741501 994
0.741501 993
0.741382 993
0.741382 992
0.741382 991
0.741382 990
0.741382 989
0.741382 988
0.741382 987
0.741382 986
0.741382 985
0.741382 984
0.741382 983
0.741382 982
0.741382 981
0.741382 980
0.741382 979
0.741382 978
0.741382 977
0.741382 976
0.741382 975
0.741382 974
0.741382 973
0.741382 972
0.741382 971
0.741382 970
0.741382 969
0.741382 968
0.741382 967
0.741382 966
0.741382 965
0.741382 964
0.741382 963
0.741382 962
0.741376 961
0.741376 960
0.741376 959
0.741242 959
0.741242 958
0.741242 957
0.741242 956
0.741242 955
0.741242 954
0.741242 953
0.741095 953
0.741095 952
0.741083 951
0.741083 950
0.741083 949
0.741083 948
0.741083 947
0.741083 946
0.741083 945
0.741083 944
0.741083 943
0.741083 942
0.741083 941
0.741083 940
0.740971 940
0.740971 939
0.740826 939
0.740826 938
0.740826 937
0.740699 937
0.740699 936
0.740699 935
0.740699 934
0.740699 933
0.740699 932
0.740699 931
0.740699 930
0.740699 929
0.740699 928
0.740699 927
0.740699 926
0.740699 925
0.740699 924
0.740699 923
0.740699 922
0.740699 921
0.740699 920
0.740699 919
0.740556 919
0.740556 918
0.740556 917
0.740556 916
0.740556 915
0.740556 914
0.740556 913
0.740556 912
0.740556 911
0.740556 910
0.740556 909
0.740556 908
0.740556 907
0.740556 906
0.740556 905
0.740556 904
0.740554 903
0.740554 902
0.740554 901
0.740409 901
0.740409 900
0.740409 899
0.740409 898
0.740409 897
0.740409 896
0.740263 896
0.740263 895
0.740263 894
0.740263 893
0.740122 893
0.740122 892
0.740122 891
0.740122 890
0.740122 889
0.739993 889
0.739993 888
0.739993 887
0.739993 886
0.739993 885
0.739993 884
0.739993 883
0.739993 882
0.739993 881
0.739993 880
0.739847 880
0.739847 879
0.739847 878
0.739847 877
0.739847 876
0.739726 876
0.739726 875
0.739726 874
0.739726 873
0.739726 872
0.739726 871
0.739726 870
0.739726 869
0.739726 868
0.739726 867
0.739726 866
0.739726 865
0.739726 864
0.739726 863
0.739726 862
0.739726 861
0.739562 861
0.739562 860
0.739562 859
0.739562 858
0.739562 857
0.739562 856
0.739562 855
0.739562 854
0.739562 853
0.739562 852
0.739562 851
0.739562 850
0.739562 849
0.739562 848
0.739562 847
0.739562 846
0.739562 845
0.739562 844
0.739488 843
0.739488 842
0.739428 841
0.739428 840
0.739428 839
0.739428 838
0.739428 837
0.739428 836
0.739274 836
0.73912 836
0.73912 835
0.73912 834
0.73912 833
0.73912 832
0.73912 831
0.73912 830
0.73912 829
0.739031 828
0.739031 827
0.739031 826
0.739031 825
0.739031 824
0.739031 823
0.739031 822
0.739031 821
0.739031 820
0.739031 819
0.739031 818
0.739031 817
0.739031 816
0.739031 815
0.739031 814
0.739031 813
0.739028 812
0.739028 811
0.739028 810
0.739028 809
0.739028 808
0.739028 807
0.739028 806
0.739028 805
0.739028 804
0.739028 803
0.739028 802
0.739028 801
0.739028 800
0.739028 799
0.739028 798
0.739028 797
0.739028 796
0.739028 795
0.739028 794
0.739028 793
0.739028 792
0.739028 791
0.739028 790
0.739028 789
0.739028 788
0.739028 787
0.739028 786
0.738874 786
0.738874 785
0.738874 784
0.738874 783
0.738874 782
0.738874 781
0.738874 780
0.738874 779
0.738874 778
0.738874 777
0.738874 776
0.738874 775
0.738874 774
0.738874 773
0.738874 772
0.738874 771
0.738874 770
0.738874 769
0.738874 768
0.738874 767
0.738874 766
0.73877 766
0.73877 765
0.73877 764
0.73877 763
0.73877 762
0.73877 761
0.73877 760
0.73877 759
0.73877 758
0.73877 757
0.73877 756
0.73877 755
0.73877 754
0.73877 753
0.73877 752
0.73877 751
0.73877 750
0.73877 749
0.73877 748
0.73877 747
0.73877 746
0.73877 745
0.73877 743
0.73877 742
0.73877 741
0.73877 740
0.73877 739
0.73877 738
0.73877 737
0.738688 736
0.738547 736
0.738547 735
0.738547 734
0.73843 734
0.73843 733
0.73843 732
0.73843 731
0.73843 730
0.73843 729
0.73843 728
0.73843 727
0.73843 726
0.73843 725
0.73843 724
0.73843 723
0.73843 722
0.73843 721
0.73843 720
0.73843 719
0.73843 718
0.73843 717
0.73843 716
0.73843 715
0.73843 714
0.73843 713
0.73843 712
0.738289 712
0.738289 711
0.738289 710
0.738289 709
0.738289 708
0.738289 707
0.738171 707
0.738171 706
0.738171 705
0.738171 704
0.738171 703
0.738171 702
0.738171 701
0.738171 700
0.738171 699
0.738171 698
0.738171 697
0.738049 697
0.738049 696
0.738049 695
0.738049 694
0.738049 693
0.738049 692
0.738049 691
0.738049 690
0.738049 689
0.738049 688
0.738049 687
0.738049 686
0.738049 685
0.738049 684
0.738049 683
0.738049 682
0.738049 681
0.738049 680
0.738049 679
0.738049 678
0.738049 677
0.738049 676
0.738049 675
0.738049 674
0.738049 673
0.737899 673
0.737899 672
0.737899 671
0.737899 670
0.737899 669
0.737899 668
0.737899 667
0.737899 666
0.737899 665
0.737755 665
0.737755 664
0.737755 663
0.737755 662
0.737755 661
0.737755 660
0.737755 659
0.737755 658
0.737755 657
0.737755 656
0.737755 655
0.737755 654
0.737755 653
0.737755 652
0.737755 651
0.737755 650
0.737755 649
0.737755 648
0.737755 647
0.737755 646
0.737604 646
0.737604 645
0.737604 644
0.737604 643
0.737604 642
0.737604 641
0.737604 640
0.737604 639
0.737604 638
0.737604 637
0.737485 637
0.737332 637
0.737332 636
0.737332 635
0.737332 634
0.737332 633
0.737332 632
0.737332 631
0.737185 631
0.737185 630
0.737185 629
0.737185 628
0.737185 627
0.737185 626
0.737185 625
0.737185 624
0.737185 623
0.737031 623
0.73692 623
0.73692 622
0.73692 621
0.73692 620
0.73692 619
0.73692 618
0.73692 617
0.73692 616
0.73692 615
0.73692 614
0.73692 613
0.73692 612
0.73692 611
0.736805 611
0.736679 611
0.736679 610
0.736679 609
0.736679 608
0.736679 607
0.736679 606
0.736675 605
0.736675 604
0.736675 603
0.736675 602
0.736675 601
0.736675 600
0.736675 599
0.736528 599
0.736528 598
0.736528 597
0.736528 596
0.736528 595
0.736403 595
0.736403 594
0.736403 593
0.736246 593
0.736246 592
0.736246 591
0.736108 591
0.736108 590
0.736108 589
0.736108 588
0.736108 587
0.736108 586
0.736108 585
0.736108 584
0.736108 583
0.736108 582
0.736108 581
0.736108 580
0.736108 579
0.736108 578
0.736108 577
0.736108 576
0.736108 575
0.736108 574
0.736108 573
0.736108 572
0.736108 571
0.736108 570
0.736108 569
0.736108 568
0.736108 567
0.736108 566
0.736108 565
0.736108 564
0.736108 563
0.73603 562
0.73603 561
0.73603 560
0.73603 559
0.73603 558
0.73603 557
0.73603 556
0.73603 555
0.73603 554
0.73603 553
0.73603 552
0.73603 551
0.73603 550
0.73603 549
0.735889 549
0.735889 548
0.735889 547
0.735889 546
0.735889 545
0.735889 544
0.735889 543
0.735889 542
0.735889 541
0.735795 540
0.735636 540
0.735636 539
0.735636 538
0.735636 537
0.735484 537
0.735484 536
0.735484 535
0.735332 535
0.735199 535
0.735199 534
0.735064 534
0.735064 533
0.735064 532
0.735064 531
0.735064 530
0.734959 530
0.734959 529
0.734959 528
0.734959 527
0.734959 526
0.734959 525
0.734959 524
0.734959 523
0.734959 522
0.734959 521
0.734834 521
0.734834 520
0.734834 519
0.734834 518
0.734834 517
0.734703 517
0.734703 516
0.734703 515
0.734703 514
0.734703 513
0.734703 512
0.734596 512
0.734596 511
0.734596 510
0.734596 509
0.734596 508
0.734596 507
0.734596 506
0.734596 505
0.734596 504
0.734596 503
0.734475 503
0.734475 502
0.734475 501
0.734475 500
0.734475 499
0.734371 499
0.734371 498
0.734371 497
0.734371 496
0.734371 495
0.734371 494
0.734371 493
0.734371 492
0.734371 491
0.734371 490
0.734371 489
0.734371 488
0.734371 487
0.734371 486
0.73424 486
0.73424 485
0.734084 485
0.733982 485
0.733982 484
0.733982 483
0.733982 482
0.733982 481
0.733982 480
0.733982 479
0.733982 478
0.733982 477
0.733982 476
0.733982 475
0.733835 475
0.733835 474
0.733697 474
0.733697 473
0.733697 472
0.733697 471
0.733697 470
0.733697 469
0.733697 468
0.733697 467
0.733697 466
0.733697 465
0.733697 464
0.733697 463
0.733697 462
0.733697 461
0.733697 460
0.733551 460
0.733551 459
0.733465 458
0.733465 457
0.733418 456
0.733418 455
0.733321 455
0.733205 455
0.733205 454
0.733205 453
0.73305 453
0.73305 452
0.73305 451
0.73305 450
0.73305 449
0.73305 448
0.73305 447
0.73305 446
0.73305 445
0.732933 445
0.732822 445
0.732822 444
0.732822 443
0.732822 442
0.732687 442
0.732687 441
0.732534 441
0.732534 440
0.732534 439
0.732534 438
0.732534 437
0.732404 437
0.732404 436
0.732404 435
0.732245 435
0.732245 434
0.732245 433
0.732245 432
0.732245 431
0.732245 430
0.732095 430
0.731961 430
0.731961 429
0.731961 428
0.731961 427
0.731961 426
0.731832 426
0.731832 425
0.731832 424
0.731713 424
0.731713 423
0.731713 422
0.731713 421
0.731573 421
0.731482 420
0.731482 419
0.731327 419
0.731327 418
0.731327 417
0.731327 416
0.731327 415
0.731167 415
0.731167 414
0.731049 414
0.731049 413
0.730921 413
0.730921 412
0.730921 411
0.730921 410
0.730921 409
0.730921 408
0.730921 407
0.730921 406
0.730921 405
0.730813 405
0.730702 405
0.730551 405
0.730551 404
0.730406 404
0.730406 403
0.730406 402
0.730406 401
0.73027 401
0.730152 401
0.730004 401
0.730004 400
0.730004 399
0.730004 398
0.730004 397
0.730004 396
0.730004 395
0.730004 394
0.72989 394
0.729739 394
0.729739 393
0.729739 392
0.729739 391
0.729739 390
0.729739 389
0.729739 388
0.729739 387
0.729739 386
0.729739 385
0.729739 384
0.729739 383
0.729739 382
0.729739 381
0.729588 381
0.729588 380
0.729588 379
0.729445 379
0.729445 378
0.729445 377
0.729299 377
0.729299 376
0.729299 375
0.729299 374
0.729299 373
0.729299 372
0.729299 371
0.729299 370
0.729299 369
0.729299 368
0.729161 368
0.729161 367
0.72902 367
0.72902 366
0.72902 365
0.728905 365
0.728905 364
0.728905 363
0.728905 362
0.728745 362
0.728745 361
0.728745 360
0.728745 359
0.728586 359
0.728586 358
0.728586 357
0.728586 356
0.728586 355
0.728586 354
0.728581 353
0.728581 352
0.728581 351
0.728581 350
0.728581 349
0.728581 348
0.728581 347
0.728426 347
0.728426 346
0.728318 346
0.728204 346
0.728204 345
0.72807 345
0.72807 344
0.72807 343
0.72807 342
0.72807 341
0.72807 340
0.72807 339
0.727948 339
0.727948 338
0.727948 337
0.727948 336
0.727948 335
0.727948 334
0.727948 333
0.727828 333
0.727828 332
0.727828 331
0.727828 330
0.727828 329
0.727828 328
0.727828 327
0.727828 326
0.727691 326
0.727691 325
0.727691 324
0.727691 323
0.72755 323
0.727432 323
0.727296 323
0.727166 323
0.727166 322
0.727166 321
0.727049 321
0.727049 320
0.727049 319
0.727049 318
0.726891 318
0.726891 317
0.726891 316
0.726891 315
0.726891 314
0.726891 313
0.726891 312
0.726761 312
0.72663 312
0.72663 311
0.72663 310
0.72663 309
0.72663 308
0.726488 308
0.726372 308
0.726224 308
0.726224 307
0.726224 306
0.726224 305
0.726224 304
0.726224 303
0.726224 302
0.726224 301
0.726224 300
0.726224 299
0.726224 298
0.726068 298
0.726068 297
0.726068 296
0.726049 295
0.726049 294
0.726049 293
0.726049 292
0.726049 291
0.725951 291
0.725951 290
0.725951 289
0.725826 289
0.725826 288
0.725826 287
0.725826 286
0.72571 286
0.725545 286
0.725545 285
0.725545 284
0.725545 283
0.725545 282
0.725394 282
0.725394 281
0.725384 280
0.725384 279
0.725384 278
0.725231 278
0.725231 277
0.725118 277
0.725118 276
0.725118 275
0.725118 274
0.724995 274
0.724995 273
0.724995 272
0.724995 271
0.724905 270
0.724905 269
0.72475 269
0.724617 269
0.724617 268
0.724617 267
0.724617 266
0.724617 265
0.724617 264
0.724498 264
0.724498 263
0.724498 262
0.724498 261
0.724498 260
0.724498 259
0.724498 258
0.724498 257
0.724349 257
0.724349 256
0.724204 256
0.724204 255
0.724204 254
0.724204 253
0.724204 252
0.7241 252
0.7241 251
0.7241 250
0.7241 249
0.7241 248
0.7241 247
0.7241 246
0.72396 246
0.72396 245
0.723842 245
0.723842 244
0.723842 243
0.723709 243
0.723603 243
0.723446 243
0.723295 243
0.723295 242
0.723295 241
0.723138 241
0.723138 240
0.723008 240
0.722888 240
0.722888 239
0.722888 238
0.722888 237
0.722888 236
0.722888 235
0.722888 234
0.722888 233
0.722762 233
0.722619 233
0.72252 233
0.72252 232
0.722394 232
0.722394 231
0.722394 230
0.722383 229
0.722383 228
0.722383 227
0.722251 227
0.722095 227
0.722095 226
0.721954 226
0.721824 226
0.721824 225
0.721704 225
0.721704 224
0.721704 223
0.721563 223
0.721563 222
0.721427 222
0.721303 222
0.72115 222
0.721039 222
0.721039 221
0.721039 220
0.72088 220
0.72088 219
0.720736 219
0.720736 218
0.720624 218
0.720624 217
0.720624 216
0.720624 215
0.720624 214
0.720624 213
0.720624 212
0.720491 212
0.720491 211
0.720491 210
0.720491 209
0.720336 209
0.720214 209
0.720085 209
0.720085 208
0.719937 208
0.719937 207
0.719937 206
0.719788 206
0.71965 206
0.719516 206
0.719516 205
0.71938 205
0.71938 204
0.719246 204
0.719101 204
0.718967 204
0.718967 203
0.718826 203
0.718826 202
0.718826 201
0.718698 201
0.71855 201
0.71855 200
0.718443 200
0.718302 200
0.718302 199
0.718302 198
0.718147 198
0.718147 197
0.718147 196
0.718147 195
0.718015 195
0.718015 194
0.717888 194
0.717888 193
0.71776 193
0.717596 193
0.717446 193
0.717291 193
0.717291 192
0.717151 192
0.717006 192
0.716881 192
0.716753 192
0.716753 191
0.71661 191
0.71661 190
0.716475 190
0.716318 190
0.716181 190
0.716177 189
0.716177 188
0.716031 188
0.716031 187
0.715912 187
0.715912 186
0.715912 185
0.715796 185
0.715796 184
0.715644 184
0.715491 184
0.715343 184
0.715343 183
0.715343 182
0.715245 182
0.715245 181
0.715101 181
0.714954 181
0.714954 180
0.714954 179
0.714812 179
0.714687 179
0.714687 178
0.714559 178
0.714559 177
0.714559 176
0.714559 175
0.714559 174
0.714437 174
0.714291 174
0.714144 174
0.714007 174
0.714007 173
0.714007 172
0.714007 171
0.713857 171
0.713728 171
0.713728 170
0.713581 170
0.713428 170
0.71331 170
0.71331 169
0.713177 169
0.713057 169
0.713057 168
0.712902 168
0.712902 167
0.71274 167
0.712613 167
0.712613 166
0.712613 165
0.71246 165
0.712329 165
0.712329 164
0.712179 164
0.712179 163
0.712033 163
0.711915 163
0.711915 162
0.711915 161
0.711915 160
0.711765 160
0.711617 160
0.711617 159
0.711459 159
0.711331 159
0.711331 158
0.711195 158
0.711195 157
0.711065 157
0.711065 156
0.711065 155
0.71092 155
0.71078 155
0.71078 154
0.71078 153
0.71078 152
0.710662 152
0.710662 151
0.710662 150
0.710662 149
0.710662 148
0.710524 148
0.710366 148
0.710241 148
0.71008 148
0.709933 148
0.709783 148
0.709783 147
0.709635 147
0.709493 147
0.709353 147
0.709223 147
0.709103 147
0.708949 147
0.708949 146
0.708825 146
0.708714 146
0.70859 146
0.70859 145
0.708444 145
0.708444 144
0.708444 143
0.708295 143
0.708295 142
0.708161 142
0.708013 142
0.708013 141
0.707867 141
0.707867 140
0.707867 139
0.707732 139
0.707732 138
0.707596 138
0.707452 138
0.707452 137
0.707333 137
0.707249 136
0.707249 135
0.707249 134
0.707249 133
0.707249 132
0.707119 132
0.706967 132
0.706847 132
0.706708 132
0.706589 132
0.706447 132
0.706317 132
0.706206 132
0.706083 132
0.705971 132
0.705971 131
0.705815 131
0.705656 131
0.705524 131
0.705524 130
0.705436 129
0.705291 129
0.705133 129
0.705133 128
0.705133 127
0.705133 126
0.705028 126
0.704893 126
0.704744 126
0.704744 125
0.704744 124
0.704596 124
0.704492 124
0.704492 123
0.704347 123
0.704347 122
0.704347 121
0.704347 120
0.704193 120
0.704033 120
0.704033 119
0.704031 118
0.703895 118
0.703768 118
0.703624 118
0.703479 118
0.703347 118
0.703205 118
0.703074 118
0.702942 118
0.702942 117
0.702803 117
0.702672 117
0.702525 117
0.702411 117
0.702272 117
0.702129 117
0.702129 116
0.701981 116
0.701844 116
0.701696 116
0.701564 116
0.701408 116
0.701408 115
0.701275 115
0.701275 114
0.701117 114
0.700992 114
0.700857 114
0.700726 114
0.700585 114
0.700585 113
0.700585 112
0.70044 112
0.700313 112
0.700313 111
0.700192 111
0.700104 110
0.699955 110
0.699955 109
0.699955 108
0.69981 108
0.69981 107
0.699654 107
0.699654 106
0.699514 106
0.699514 105
0.699514 104
0.69938 104
0.699269 104
0.699113 104
0.698969 104
0.698834 104
0.698834 103
0.698702 103
0.698702 102
0.698702 101
0.698556 101
0.698556 100
0.698405 100
0.698253 100
0.698253 99
0.698106 99
0.698106 98
0.698106 97
0.697948 97
0.69779 97
0.697639 97
0.69751 97
0.69751 96
0.69751 95
0.697379 95
0.697225 95
0.697225 94
0.697094 94
0.697094 93
0.696958 93
0.696808 93
0.696674 93
0.696674 92
0.696674 91
0.69653 91
0.696375 91
0.696375 90
0.69623 90
0.696075 90
0.696075 89
0.695943 89
0.695809 89
0.695809 88
0.695682 88
0.695531 88
0.695395 88
0.69526 88
0.695107 88
0.695107 87
0.694977 87
0.694814 87
0.694814 86
0.694687 86
0.694687 85
0.694579 85
0.694579 84
0.694579 83
0.694428 83
0.694427 82
0.694285 82
0.694134 82
0.693992 82
0.693833 82
0.693683 82
0.69355 82
0.693428 82
0.693274 82
0.693145 82
0.693017 82
0.692876 82
0.692876 81
0.692731 81
0.692731 80
0.692573 80
0.69245 80
0.692319 80
0.692163 80
0.692027 80
0.692027 79
0.692027 78
0.69188 78
0.691735 78
0.691583 78
0.691583 77
0.691444 77
0.691444 76
0.69131 76
0.69117 76
0.69117 75
0.691023 75
0.690885 75
0.690885 74
0.690771 74
0.690619 74
0.690466 74
0.690466 73
0.690341 73
0.690194 73
0.690081 73
0.68994 73
0.689821 73
0.689688 73
0.689534 73
0.68937 73
0.689228 73
0.689078 73
0.688956 73
0.688956 72
0.688803 72
0.688642 72
0.688483 72
0.688359 72
0.688217 72
0.688078 72
0.687943 72
0.687801 72
0.687672 72
0.687388 72
0.687239 72
0.687122 72
0.687019 72
0.68688 72
0.68672 72
0.68672 71
0.686604 71
0.686604 70
0.686454 70
0.686313 70
0.686163 70
0.68603 70
0.685887 70
0.685887 69
0.685887 68
0.68573 68
0.68573 67
0.685601 67
0.685601 66
0.685467 66
0.685317 66
0.685195 66
0.685031 66
0.684889 66
0.684735 66
0.684599 66
0.684464 66
0.684352 66
0.684221 66
0.684221 65
0.684103 65
0.683956 65
0.683826 65
0.683674 65
0.683674 64
0.683524 64
0.683378 64
0.683229 64
0.683067 64
0.683067 63
0.682931 63
0.682931 62
0.682772 62
0.68262 62
0.68248 62
0.682328 62
0.68217 62
0.682012 62
0.681862 62
0.681862 61
0.681722 61
0.681563 61
0.681408 61
0.68126 61
0.681114 61
0.680972 61
0.680838 61
0.680692 61
0.680692 60
0.680531 60
0.680531 59
0.680376 59
0.680233 59
0.680081 59
0.679933 59
0.679783 59
0.67963 59
0.67963 58
0.679499 58
0.679361 58
0.679361 57
0.679227 57
0.679073 57
0.679073 56
0.678921 56
0.678764 56
0.67861 56
0.678455 56
0.678329 56
0.678176 56
0.67806 56
0.677903 56
0.677759 56
0.677624 56
0.677471 56
0.677336 56
0.677336 55
0.677196 55
0.677064 55
0.676921 55
0.676921 54
0.676765 54
0.676629 54
0.676509 54
0.676364 54
0.67622 54
0.67609 54
0.675962 54
0.675807 54
0.675668 54
0.675524 54
0.675368 54
0.675224 54
0.675067 54
0.674914 54
0.674764 54
0.674605 54
0.674451 54
0.674298 54
0.67415 54
0.674008 54
0.673853 54
0.673699 54
0.673548 54
0.673392 54
0.673267 54
0.673121 54
0.672978 54
0.672847 54
0.672699 54
0.672568 54
0.672417 54
0.672265 54
0.672265 53
0.672113 53
0.67196 53
0.671813 53
0.671677 53
0.671555 53
0.671397 53
0.671252 53
0.671121 53
0.67097 53
0.670825 53
0.670662 53
0.670662 52
0.670512 52
0.670376 52
0.670216 52
0.670075 52
0.669928 52
0.669928 51
0.669774 51
0.66962 51
0.669467 51
0.669318 51
0.669167 51
0.669167 50
0.66903 50
0.668881 50
0.66875 50
0.66875 49
0.668617 49
0.668467 49
0.668323 49
0.668173 49
0.668027 49
0.667912 49
0.667753 49
0.667601 49
0.667601 48
0.667451 48
0.667326 48
0.667178 48
0.667033 48
0.666911 48
0.666777 48
0.666637 48
0.666504 48
0.666361 48
0.666233 48
0.666078 48
0.665938 48
0.665786 48
0.66565 48
0.665498 48
0.665498 47
0.66537 47
0.665237 47
0.665237 46
0.665098 46
0.664968 46
0.664827 46
0.66469 46
0.664569 46
0.664424 46
0.664274 46
0.664274 45
0.664274 44
0.66412 44
0.663968 44
0.663836 44
0.663704 44
0.663559 44
0.663419 44
0.663263 44
0.66314 44
0.662974 44
0.662822 44
0.662662 44
0.662512 44
0.662395 44
0.662241 44
0.662077 44
0.662077 43
0.661952 43
0.661797 43
0.661797 42
0.661643 42
0.661496 42
0.661391 42
0.661236 42
0.661094 42
0.660958 42
0.66082 42
0.660674 42
0.660537 42
0.660396 42
0.660247 42
0.660108 42
0.659953 42
0.659793 42
0.659793 41
0.659654 41
0.659654 40
0.659512 40
0.659354 40
0.659193 40
0.659051 40
0.659051 39
0.658905 39
0.658756 39
0.658621 39
0.658491 39
0.658343 39
0.6582 39
0.658056 39
0.657901 39
0.657774 39
0.65763 39
0.6575 39
0.657377 39
0.657238 39
0.657114 39
0.656963 39
0.656804 39
0.656644 39
0.656495 39
0.656365 39
0.656229 39
0.656079 39
0.655945 39
0.655848 39
0.655694 39
0.655559 39
0.655407 39
0.655247 39
0.655107 39
0.655107 38
0.654952 38
0.654952 37
0.654818 37
0.654818 36
0.654685 36
0.654547 36
0.654379 36
0.654226 36
0.654072 36
0.653906 36
0.653769 36
0.653642 36
0.653495 36
0.653344 36
0.653202 36
0.653059 36
0.652907 36
0.652771 36
0.652771 35
0.652624 35
0.652477 35
0.652323 35
0.652189 35
0.652032 35
0.651879 35
0.651742 35
0.651582 35
0.651438 35
0.651286 35
0.651135 35
0.650971 35
0.650821 35
0.650821 34
0.650668 34
0.650538 34
0.650396 34
0.650257 34
0.650126 34
0.649987 34
0.649828 34
0.649828 33
0.649662 33
0.649533 33
0.649391 33
0.649266 33
0.649106 33
0.648951 33
0.648827 33
0.648681 33
0.648535 33
0.648535 32
0.648381 32
0.648243 32
0.648109 32
0.648109 31
0.648109 30
0.647966 30
0.647809 30
0.647657 30
0.64752 30
0.647384 30
0.647239 30
0.647101 30
0.64695 30
0.646804 30
0.646664 30
0.646535 30
0.6464 30
0.646277 30
0.646153 30
0.645994 30
0.645846 30
0.6457 30
0.645559 30
0.645408 30
0.645262 30
0.645116 30
0.645116 29
0.644972 29
0.644972 28
0.644827 28
0.644668 28
0.644509 28
0.644362 28
0.644215 28
0.64406 28
0.643935 28
0.643782 28
0.643626 28
0.643464 28
0.643327 28
0.643184 28
0.643035 28
0.642883 28
0.642738 28
0.642738 27
0.642581 27
0.642426 27
0.642426 26
0.642277 26
0.642137 26
0.64186 26
0.641723 26
0.64158 26
0.641436 26
0.641304 26
0.641167 26
0.641026 26
0.640894 26
0.640766 26
0.640612 26
0.640456 26
0.640456 25
0.64033 25
0.640216 25
0.640068 25
0.639911 25
0.639758 25
0.639613 25
0.639474 25
0.639312 25
0.639169 25
0.639026 25
0.638878 25
0.638733 25
0.638577 25
0.638425 25
0.638266 25
0.638126 25
0.63797 25
0.637843 25
0.637682 25
0.637544 25
0.637409 25
0.637264 25
0.63711 25
0.636966 25
0.636822 25
0.636676 25
0.63655 25
0.636394 25
0.636394 24
0.636394 23
0.636236 23
0.636088 23
0.635941 23
0.635808 23
0.635656 23
0.635656 22
0.635656 21
0.635505 21
0.635364 21
0.635217 21
0.635217 20
0.635066 20
0.634948 20
0.634799 20
0.634656 20
0.634515 20
0.634378 20
0.634228 20
0.634077 20
0.633928 20
0.633784 20
0.63363 20
0.63348 20
0.633323 20
0.633178 20
0.633016 20
0.632872 20
0.632736 20
0.632589 20
0.632589 19
0.632449 19
0.632304 19
0.632149 19
0.632022 19
0.631868 19
0.631734 19
0.631577 19
0.631577 18
0.63144 18
0.631284 18
0.631137 18
0.630984 18
0.630836 18
0.630683 18
0.630551 18
0.630397 18
0.630258 18
0.630125 18
0.629961 18
0.629804 18
0.629655 18
0.62953 18
0.629388 18
0.629244 18
0.629095 18
0.628935 18
0.628789 18
0.628665 18
0.628519 18
0.628373 18
0.628216 18
0.628087 18
0.627948 18
0.627811 18
0.627646 18
0.62749 18
0.627355 18
0.627213 18
0.626931 18
0.626784 18
0.626634 18
0.626505 18
0.626365 18
0.626211 18
0.626063 18
0.625924 18
0.625771 18
0.625619 18
0.625474 18
0.625323 18
0.625171 18
0.625032 18
0.62488 18
0.62488 17
0.624736 17
0.624599 17
0.624599 16
0.624444 16
0.624298 16
0.624151 16
0.624007 16
0.623845 16
0.623723 16
0.623566 16
0.623411 16
0.623267 16
0.623267 15
0.623133 15
0.623001 15
0.622852 15
0.622704 15
0.622559 15
0.622559 14
0.622414 14
0.622264 14
0.622112 14
0.621976 14
0.621826 14
0.62169 14
0.621545 14
0.62138 14
0.621237 14
0.621086 14
0.620935 14
0.620798 14
0.620667 14
0.620527 14
0.620381 14
0.620259 14
0.620098 14
0.619992 14
0.619858 14
0.619723 14
0.619564 14
0.619422 14
0.619272 14
0.61912 14
0.618977 14
0.618812 14
0.618668 14
0.618542 14
0.618384 14
0.618229 14
0.618078 14
0.617926 14
0.617776 14
0.617625 14
0.617478 14
0.617326 14
0.617169 14
0.617022 14
0.616889 14
0.616741 14
0.616638 14
0.616492 14
0.616342 14
0.616186 14
0.616028 14
0.61588 14
0.61574 14
0.615589 14
0.615435 14
0.615286 14
0.615126 14
0.614997 14
0.614851 14
0.614715 14
0.614548 14
0.614399 14
0.614254 14
0.614102 14
0.613966 14
0.61382 14
0.613675 14
0.613517 14
0.613365 14
0.613208 14
0.613042 14
0.612886 14
0.612743 14
0.612585 14
0.612439 14
0.612276 14
0.612129 14
0.611984 14
0.611841 14
0.611698 14
0.611534 14
0.61138 14
0.611239 14
0.6111 14
0.610956 14
0.610832 14
0.610706 14
0.61055 14
0.610396 14
0.610252 14
0.610113 14
0.609988 14
0.60984 14
0.609678 14
0.609521 14
0.609376 14
0.609214 14
0.609063 14
0.608904 14
0.608755 14
0.608625 14
0.608462 14
0.608313 14
0.608179 14
0.60802 14
0.607874 14
0.607729 14
0.607576 14
0.607435 14
0.607282 14
0.607272 13
0.60713 13
0.606974 13
0.606836 13
0.606679 13
0.606524 13
0.606372 13
0.606217 13
0.606067 13
0.605914 13
0.60577 13
0.605614 13
0.605456 13
0.605307 13
0.605147 13
0.604992 13
0.604712 13
0.604565 13
0.604439 13
0.60428 13
0.604124 13
0.603975 13
0.603824 13
0.603678 13
0.60353 13
0.603374 13
0.603227 13
0.603072 13
0.602934 13
0.602795 13
0.602637 13
0.60248 13
0.602332 13
0.602197 13
0.602045 13
0.601895 13
0.601752 13
0.601609 13
0.60147 13
0.601334 13
0.601184 13
0.601049 13
0.600887 13
0.600762 13
0.600604 13
0.600452 13
0.600316 13
0.600176 13
0.600036 13
0.599886 13
0.599731 13
0.599595 13
0.599437 13
0.599294 13
0.599139 13
0.598975 13
0.598821 13
0.598664 13
0.59852 13
0.598366 13
0.59823 13
0.598079 13
0.597928 13
0.597786 13
0.597634 13
0.597476 13
0.597349 13
0.597198 13
0.597049 13
0.596885 13
0.596748 13
0.596748 12
0.596604 12
0.596448 12
0.59629 12
0.596144 12
0.595994 12
0.595836 12
0.595699 12
0.59555 12
0.5954 12
0.595241 12
0.59509 12
0.594931 12
0.594811 12
0.594687 12
0.594529 12
0.594372 12
0.594216 12
0.594061 12
0.593915 12
0.593766 12
0.593616 12
0.593469 12
0.593326 12
0.59317 12
0.593024 12
0.592874 12
0.592729 12
0.592586 12
0.592445 12
0.592295 12
0.592138 12
0.591993 12
0.591854 12
0.591703 12
0.591554 12
0.591434 12
0.591278 12
0.591129 12
0.590971 12
0.590831 12
0.590682 12
0.590532 12
0.590375 12
0.590243 12
0.590103 12
0.589953 12
0.589814 12
0.589654 12
0.589496 12
0.589341 12
0.589184 12
0.589038 12
0.589038 11
0.588886 11
0.588738 11
0.588574 11
0.588424 11
0.588275 11
0.588139 11
0.587988 11
0.587838 11
0.587678 11
0.587534 11
0.587395 11
0.587247 11
0.5871 11
0.586953 11
0.586811 11
0.586661 11
0.586503 10
0.586353 10
0.586209 10
0.586056 10
0.585898 10
0.585757 10
0.585612 10
0.585485 10
0.585324 10
0.585186 10
0.585046 10
0.584902 10
0.584742 10
0.584581 10
0.584428 10
0.584274 10
0.584126 10
0.584126 9
0.583974 9
0.583841 9
0.583702 9
0.583554 9
0.583399 9
0.583245 9
0.58309 9
0.582943 9
0.582788 9
0.582647 9
0.582495 9
0.582339 9
0.582181 9
0.582037 9
0.581878 9
0.581716 9
0.581564 9
0.581268 9
0.580964 9
0.580819 9
0.58066 9
0.580503 9
0.580357 9
0.580213 9
0.580062 9
0.579908 9
0.579767 9
0.579638 9
0.579496 9
0.579339 9
0.579193 9
0.579078 9
0.578941 9
0.578785 9
0.578629 9
0.578485 9
0.578338 9
0.578185 9
0.578027 9
0.577885 9
0.577752 9
0.577619 9
0.577468 9
0.577312 9
0.577158 9
0.577012 9
0.576855 9
0.576713 9
0.576566 9
0.576414 9
0.576263 9
0.576117 9
0.575959 9
0.575817 9
0.575661 9
0.575494 9
0.575334 9
0.575196 9
0.575039 9
0.574897 9
0.57474 9
0.574598 9
0.57445 9
0.574321 9
0.574177 9
0.574026 9
0.573889 9
0.573732 9
0.573569 9
0.573417 9
0.573276 9
0.573137 9
0.573012 9
0.572856 9
0.572699 9
0.572551 9
0.5724 9
0.572248 9
0.5721 9
0.571961 9
0.571802 9
0.571652 9
0.571516 9
0.571364 9
0.571218 9
0.57106 9
0.570906 9
0.570735 9
0.570595 9
0.570464 9
0.570308 9
0.570161 9
0.570006 9
0.569869 9
0.569726 9
0.569578 9
0.569421 9
0.569267 9
0.569118 9
0.56897 9
0.568837 9
0.56869 9
0.568545 9
0.568386 9
0.568234 9
0.568086 9
0.567929 9
0.56779 9
0.567646 9
0.567494 9
0.567494 8
0.567345 8
0.567189 8
0.567035 8
0.56688 8
0.566737 8
0.566614 8
0.566462 8
0.566308 8
0.566152 8
0.565996 8
0.56585 8
0.565694 8
0.565549 8
0.56539 8
0.56524 8
0.565099 8
0.564956 8
0.564818 8
0.564673 8
0.564535 8
0.564375 8
0.564219 8
0.564058 8
0.56391 8
0.563783 8
0.563644 8
0.563495 8
0.563341 8
0.563189 8
0.563036 8
0.562878 8
0.562729 8
0.562581 8
0.562433 8
0.562273 8
0.56213 8
0.561981 8
0.561828 8
0.561683 8
0.561537 8
0.561381 8
0.561232 8
0.561091 8
0.560946 8
0.560813 8
0.560658 8
0.560512 8
0.560354 8
0.560206 8
0.560059 8
0.559924 8
0.559796 8
0.559643 8
0.559489 8
0.559337 8
0.559188 8
0.559035 8
0.55889 8
0.558742 8
0.558586 8
0.558435 8
0.558284 8
0.558126 8
0.557993 8
0.557849 8
0.557702 8
0.557577 8
0.557442 8
0.55728 8
0.557122 8
0.55697 8
0.556825 8
0.556673 8
0.55651 8
0.556354 8
0.556197 8
0.556044 8
0.556044 7
0.555901 7
0.55575 7
0.555599 7
0.55546 7
0.555312 7
0.555164 7
0.555011 7
0.554858 7
0.554713 7
0.554561 7
0.554419 7
0.554262 7
0.554112 7
0.553954 7
0.553798 7
0.553641 7
0.553492 7
0.553348 7
0.553187 7
0.553031 7
0.552881 7
0.552733 7
0.552733 6
0.552575 6
0.552424 6
0.552273 6
0.552126 6
0.551972 6
0.551831 6
0.551675 6
0.551519 6
0.551379 6
0.551215 6
0.551062 6
0.550908 6
0.550769 6
0.550628 6
0.550478 6
0.550337 6
0.550186 6
0.55003 6
0.549888 6
0.54973 6
0.54958 6
0.54943 6
0.54928 6
0.549149 6
0.548991 6
0.548833 6
0.548675 6
0.548536 6
0.548382 6
0.548226 6
0.548226 5
0.54807 5
0.547934 5
0.547777 5
0.547622 5
0.54747 5
0.547318 5
0.547163 5
0.547008 5
0.54686 5
0.54672 5
0.546586 5
0.54643 5
0.546275 5
0.546133 5
0.545978 5
0.545828 5
0.545675 5
0.545517 5
0.545364 5
0.545207 5
0.545049 5
0.544917 5
0.544773 5
0.544625 5
0.544464 5
0.544313 5
0.544158 5
0.544002 5
0.543851 5
0.543701 5
0.543546 5
0.543389 5
0.543233 5
0.543073 5
0.542926 5
0.542784 5
0.542634 5
0.542499 5
0.542359 5
0.542222 5
0.542078 5
0.54192 5
0.541777 5
0.541617 5
0.541462 5
0.541308 5
0.541156 5
0.541009 5
0.5409 5
0.540754 5
0.54061 5
0.54044 5
0.540282 5
0.540132 5
0.539987 5
0.539832 5
0.539678 5
0.539512 5
0.539353 5
0.539211 5
0.539063 5
0.538916 5
0.538771 5
0.538622 5
0.53847 5
0.538313 5
0.538154 5
0.538024 5
0.537869 5
0.537716 5
0.537559 5
0.537407 5
0.537248 5
0.537098 5
0.536954 5
0.536807 5
0.536655 5
0.536504 5
0.53635 5
0.536213 5
0.536058 5
0.535906 5
0.53575 5
0.535591 5
0.535443 5
0.535294 5
0.535139 5
0.534996 5
0.53484 5
0.534682 5
0.534535 5
0.534382 5
0.534236 5
0.534101 5
0.533949 5
0.533811 5
0.533643 5
0.533488 5
0.533331 5
0.533195 5
0.533046 5
0.532876 5
0.532723 5
0.532571 5
0.532424 5
0.532277 5
0.53214 5
0.53199 5
0.531836 5
0.531685 5
0.531527 5
0.531374 5
0.531229 5
0.531091 5
0.530932 5
0.530633 5
0.53048 5
0.530328 5
0.530038 5
0.529883 5
0.529733 5
0.529579 5
0.529426 5
0.529268 5
0.529128 5
0.528986 5
0.528829 5
0.528685 5
0.528537 5
0.528393 5
0.528243 5
0.528098 5
0.527951 5
0.527794 5
0.527644 5
0.527485 5
0.527325 5
0.527181 5
0.527027 5
0.526895 5
0.526592 5
0.526439 5
0.526283 5
0.526134 5
0.525981 5
0.525829 5
0.525682 5
0.525525 5
0.525373 5
0.525243 5
0.525091 5
0.524949 5
0.524793 5
0.524633 5
0.524487 5
0.524334 5
0.524183 5
0.52403 5
0.523884 5
0.523741 5
0.52374 4
0.523601 4
0.523454 4
0.5233 4
0.523168 4
0.523018 4
0.522854 4
0.522721 4
0.522578 4
0.522434 4
0.522285 4
0.522131 4
0.521974 4
0.521827 4
0.521671 4
0.52152 4
0.521389 4
0.521232 4
0.521091 4
0.520937 4
0.520792 4
0.520642 4
0.520492 4
0.520336 4
0.520185 4
0.520045 4
0.519898 4
0.519747 4
0.519589 4
0.519456 4
0.519309 4
0.519157 4
0.519005 4
0.518863 4
0.51871 4
0.518562 4
0.518403 4
0.518256 4
0.518099 4
0.517926 4
0.517774 4
0.517628 4
0.517487 4
0.517331 4
0.517181 4
0.517044 4
0.516898 4
0.516741 4
0.516588 4
0.516428 4
0.516278 4
0.516122 4
0.515968 4
0.51581 4
0.515649 4
0.515511 4
0.515373 4
0.51522 4
0.515086 4
0.514931 4
0.514795 4
0.51466 4
0.514544 4
0.514392 4
0.51424 4
0.514079 4
0.513934 4
0.513788 4
0.513641 4
0.513339 4
0.51321 4
0.513062 4
0.512926 4
0.512779 4
0.512629 4
0.512483 4
0.51234 4
0.512188 4
0.512036 4
0.51189 4
0.511732 4
0.511616 4
0.511472 4
0.511316 4
0.511168 4
0.51102 4
0.510869 4
0.510721 4
0.510561 4
0.510423 4
0.510281 4
0.510136 4
0.509999 4
0.509845 4
0.509687 4
0.509546 4
0.509407 4
0.509268 4
0.509118 4
0.508971 4
0.508819 4
0.508664 4
0.50851 4
0.508367 4
0.508222 4
0.508079 4
0.507921 4
0.507772 4
0.50766 4
0.507503 4
0.507357 4
0.50721 4
0.507069 4
0.506913 4
0.506769 4
0.50661 4
0.50646 4
0.506325 4
0.506182 4
0.506026 4
0.505882 4
0.505722 4
0.505577 4
0.505417 4
0.505268 4
0.505125 4
0.504972 4
0.504815 4
0.504664 4
0.504526 4
0.504389 4
0.504252 4
0.504109 4
0.503957 4
0.503807 4
0.503504 4
0.503364 4
0.503203 4
0.503047 4
0.502888 4
0.502752 4
0.502605 4
0.502459 4
0.502299 4
0.502155 4
0.502003 4
0.501858 4
0.50172 4
0.50157 4
0.501413 4
0.501272 4
0.501117 4
0.50097 4
0.500831 4
0.500673 4
0.500513 4
0.500361 4
0.500205 4
0.500058 4
0.499744 4
0.499588 4
0.49943 4
0.499268 4
0.499122 4
0.498982 4
0.498844 4
0.498689 4
0.498536 4
0.498413 4
0.498257 4
0.498105 4
0.497957 4
0.497805 4
0.497651 4
0.4975 4
0.497352 4
0.497228 4
0.497071 4
0.496933 4
0.496784 4
0.49663 4
0.496499 4
0.496346 4
0.496189 4
0.496027 4
0.495869 4
0.495709 4
0.495563 4
0.495418 4
0.49526 4
0.49512 4
0.494981 4
0.49482 4
0.494667 4
0.49452 4
0.49437 4
0.49423 4
0.494072 4
0.493926 4
0.493784 4
0.49363 4
0.493476 4
0.493359 4
0.493208 4
0.49306 4
0.492902 4
0.492593 4
0.492461 4
0.492307 4
0.492161 4
0.492003 4
0.491846 4
0.491687 4
0.491538 4
0.491389 4
0.491234 4
0.491092 4
0.490945 4
0.49079 4
0.490633 4
0.490337 4
0.490185 4
0.490032 4
0.489877 4
0.489727 4
0.489575 4
0.489433 4
0.489294 4
0.489145 4
0.488989 4
0.488841 4
0.488696 4
0.488538 4
0.488389 4
0.488243 4
0.488088 4
0.487934 4
0.487789 4
0.487638 4
0.487501 4
0.487355 4
0.48721 4
0.487069 4
0.487069 3
0.486915 3
0.486765 3
0.486614 3
0.486457 3
0.48632 3
0.486173 3
0.486024 3
0.485873 3
0.485735 3
0.485581 3
0.485422 3
0.485296 3
0.485145 3
0.484997 3
0.484844 3
0.484699 3
0.484546 3
0.484392 3
0.484239 3
0.484088 3
0.483946 3
0.483801 3
0.48366 3
0.483508 3
0.483363 3
0.483205 3
0.483043 3
0.482917 3
0.482768 3
0.482768 2
0.482618 2
0.482464 2
0.48231 2
0.482155 2
0.482016 2
0.481863 2
0.481716 2
0.481557 2
0.481401 2
0.481234 2
0.48109 2
0.480939 2
0.480779 2
0.48063 2
0.480484 2
0.480335 2
0.480206 2
0.480048 2
0.479894 2
0.479761 2
0.479608 2
0.479453 2
0.479293 2
0.47914 2
0.478989 2
0.478842 2
0.478689 2
0.478547 2
0.478394 2
0.478247 2
0.478106 2
0.477954 2
0.477789 2
0.477651 2
0.47749 2
0.477333 2
0.477185 2
0.477035 2
0.476897 2
0.476742 2
0.47659 2
0.476291 2
0.476135 2
0.475977 2
0.475819 2
0.47567 2
0.475506 2
0.475403 2
0.475256 2
0.475096 2
0.474935 2
0.474787 2
0.474631 2
0.474491 2
0.474343 2
0.474182 2
0.474042 2
0.473907 2
0.473766 2
0.473606 2
0.47346 2
0.473307 2
0.473146 2
0.472991 2
0.47285 2
0.472693 2
0.47254 2
0.472402 2
0.472251 2
0.472097 2
0.471964 2
0.471815 2
0.471677 2
0.471524 2
0.471383 2
0.471226 2
0.471085 2
0.470934 2
0.470784 2
0.470649 2
0.470491 2
0.470195 2
0.470061 2
0.469908 2
0.469767 2
0.469622 2
0.469463 2
0.469317 2
0.469168 2
0.469049 2
0.468921 2
0.468781 2
0.468633 2
0.468497 2
0.468348 2
0.468218 2
0.468064 2
0.467906 2
0.467756 2
0.467609 2
0.467458 2
0.467305 2
0.467156 2
0.466986 2
0.466854 2
0.466712 2
0.466571 2
0.466418 2
0.466271 2
0.46613 2
0.465983 2
0.465851 2
0.465698 2
0.465542 2
0.46538 2
0.465232 2
0.465081 2
0.464937 2
0.464784 2
0.464645 2
0.464487 2
0.464334 2
0.464031 2
0.463882 2
0.463727 2
0.463579 2
0.463421 2
0.463272 2
0.463122 2
0.46298 2
0.462848 2
0.462689 2
0.462546 2
0.462391 2
0.462253 2
0.462104 2
0.461957 2
0.46181 2
0.461508 2
0.46137 2
0.461217 2
0.46109 2
0.460935 2
0.460786 2
0.460638 2
0.460482 2
0.460331 2
0.460201 2
0.460057 2
0.45991 2
0.459772 2
0.459627 2
0.459475 2
0.459325 2
0.459168 2
0.459025 2
0.458874 2
0.458741 2
0.458613 2
0.458465 2
0.458318 2
0.458162 2
0.45801 2
0.457874 2
0.457728 2
0.457573 2
0.457423 2
0.457268 2
0.456977 2
0.45682 2
0.456668 2
0.456508 2
0.456227 2
0.455912 2
0.455761 2
0.455618 2
0.455466 2
0.455309 2
0.455159 2
0.455005 2
0.454863 2
0.454704 2
0.454558 2
0.454442 2
0.454292 2
0.454138 2
0.453982 2
0.453829 2
0.45367 2
0.453515 2
0.453362 2
0.453209 2
0.453058 2
0.452751 2
0.452596 2
0.45245 2
0.452302 2
0.452154 2
0.452016 2
0.451863 2
0.451709 2
0.451554 2
0.451409 2
0.45126 2
0.451113 2
0.45096 2
0.450804 2
0.450648 2
0.450486 2
0.450329 2
0.450196 2
0.450039 2
0.449894 2
0.449736 2
0.449582 2
0.449426 2
0.449279 2
0.449144 2
0.448989 2
0.448843 2
0.448689 2
0.448532 2
0.448532 1
0.448401 1
0.448259 1
0.448118 1
0.447967 1
0.447829 1
0.447672 1
0.447529 1
0.447382 1
0.447225 1
0.447087 1
0.446928 1
0.44678 1
0.446629 1
0.44648 1
0.44633 1
0.446191 1
0.446036 1
0.445879 1
0.445727 1
0.445576 1
0.445425 1
0.445267 1
0.445116 1
0.444957 1
0.444807 1
0.444652 1
0.444496 1
0.444339 1
0.444184 1
0.444039 1
0.443883 1
0.44373 1
0.443587 1
0.443282 1
0.443136 1
0.442993 1
0.442842 1
0.442683 1
0.442533 1
0.442388 1
0.442239 1
0.442089 1
0.441952 1
0.441805 1
0.441657 1
0.441349 1
0.441199 1
0.441044 1
0.440899 1
0.440743 1
0.440593 1
0.440448 1
0.440293 1
0.440149 1
0.440003 1
0.439847 1
0.439689 1
0.43954 1
0.439397 1
0.439242 1
0.439087 1
0.438932 1
0.438784 1
0.438498 1
0.438346 1
0.438189 1
0.438039 1
0.437898 1
0.437743 1
0.437586 1
0.43744 1
0.437283 1
0.437124 1
0.43698 1
0.436831 1
0.436673 1
0.436518 1
0.436369 1
0.436211 1
0.436052 1
0.435896 1
0.435748 1
0.435591 1
0.435452 1
0.435314 1
0.435159 1
0.435007 1
0.43486 1
0.434715 1
0.43456 1
0.434412 1
0.434267 1
0.43414 1
0.433982 1
0.433837 1
0.433686 1
0.433533 1
0.433384 1
0.433083 1
0.432936 1
0.432778 1
0.432619 1
0.432466 1
0.432308 1
0.432167 1
0.432021 1
0.431865 1
0.431715 1
0.431569 1
0.431413 1
0.431124 1
0.430972 1
0.430821 1
0.430671 1
0.43054 1
0.430396 1
0.430096 1
0.429942 1
0.429797 1
0.429672 1
0.429528 1
0.429373 1
0.429215 1
0.42906 1
0.428903 1
0.428581 1
0.428429 1
0.428298 1
0.428141 1
0.427991 1
0.427848 1
0.427694 1
0.427548 1
0.427386 1
0.427232 1
0.427082 1
0.426923 1
0.426789 1
0.426638 1
0.426483 1
0.426331 1
0.426173 1
0.426026 1
0.425874 1
0.425717 1
0.425568 1
0.425413 1
0.425269 1
0.4251 1
0.424944 1
0.424658 1
0.424509 1
0.424195 1
0.423901 1
0.423758 1
0.423604 1
0.423449 1
0.423295 1
0.423135 1
0.42299 1
0.422842 1
0.422694 1
0.422409 1
0.422265 1
0.422104 1
0.421946 1
0.421791 1
0.421645 1
0.421497 1
0.421349 1
0.42123 1
0.420935 1
0.420777 1
0.420632 1
0.420474 1
0.420176 1
0.420027 1
0.419882 1
0.419729 1
0.419593 1
0.419433 1
0.419294 1
0.419139 1
0.418985 1
0.418829 1
0.418676 1
0.418519 1
0.418365 1
0.418208 1
0.418059 1
0.417925 1
0.417767 1
0.417606 1
0.417451 1
0.417297 1
0.417136 1
0.416995 1
0.41686 1
0.4167 1
0.416544 1
0.41639 1
0.416238 1
0.416078 1
0.41592 1
0.415774 1
0.415625 1
0.415475 1
0.415325 1
0.415183 1
0.415037 1
0.414888 1
0.414739 1
0.414592 1
0.414441 1
0.414297 1
0.41401 1
0.41386 1
0.413703 1
0.413552 1
0.413397 1
0.41324 1
0.413083 1
0.412935 1
0.412775 1
0.412624 1
0.412313 1
0.412164 1
0.41201 1
0.411867 1
0.411715 1
0.411567 1
0.411415 1
0.411274 1
0.411139 1
0.410997 1
0.41069 1
0.410531 1
0.410374 1
0.41022 1
0.410061 1
0.409913 1
0.409763 1
0.409609 1
0.409467 1
0.409309 1
0.409157 1
0.409001 1
0.40886 1
0.408706 1
0.408406 1
0.408263 1
0.40812 1
0.40797 1
0.407664 1
0.407524 1
0.407364 1
0.407207 1
0.407053 1
0.406769 1
0.406622 1
0.406316 1
0.40616 1
0.40601 1
0.405868 1
0.405714 1
0.405554 1
0.405402 1
0.405251 1
0.405096 1
0.404937 1
0.404781 1
0.404654 1
0.404524 1
0.404365 1
0.404213 1
0.404065 1
0.403913 1
0.403763 1
0.403636 1
0.403481 1
0.403335 1
0.403175 1
0.403035 1
0.402874 1
0.402578 1
0.402308 1
0.402174 1
0.402057 1
0.401758 1
0.401605 1
0.40131 1
0.401021 1
0.400861 1
0.400709 1
0.400575 1
0.400425 1
0.400274 1
0.400123 1
0.399963 1
0.399812 1
0.399506 1
0.399355 1
0.399195 1
0.399053 1
0.398908 1
0.39877 1
0.398633 1
0.398477 1
0.398338 1
0.398183 1
0.398033 1
0.397884 1
0.397742 1
0.397585 1
0.397268 1
0.397119 1
0.396969 1
0.396816 1
0.39666 1
0.396501 1
0.396353 1
0.396215 1
0.396076 1
0.395927 1
0.395767 1
0.395632 1
0.395474 1
0.395331 1
0.395186 1
0.395039 1
0.394882 1
0.394583 1
0.394424 1
0.394273 1
0.394122 1
0.393965 1
0.393806 1
0.393661 1
0.393519 1
0.393374 1
0.393232 1
0.393084 1
0.39295 1
0.392805 1
0.392652 1
0.392498 1
0.392349 1
0.392043 1
0.3919 1
0.391752 1
0.391593 1
0.391452 1
0.391297 1
0.391144 1
0.390988 1
0.390829 1
0.390663 1
0.390514 1
0.390367 1
0.390208 1
0.390062 1
0.389904 1
0.389765 1
0.389615 1
0.389459 1
0.38931 1
0.389159 1
0.389015 1
0.388861 1
0.388715 1
0.388563 1
0.388404 1
0.388257 1
0.388116 1
0.387956 1
0.387823 1
0.387672 1
0.387517 1
0.387396 1
0.387252 1
0.38711 1
0.386949 1
0.386795 1
0.386645 1
0.386491 1
0.386348 1
0.3862 1
0.386054 1
0.385916 1
0.385781 1
0.385625 1
0.38547 1
0.385314 1
0.385171 1
0.385016 1
0.384739 1
0.384587 1
0.384442 1
0.384285 1
0.384138 1
0.383989 1
0.38385 1
0.383693 1
0.383537 1
0.383382 1
0.38323 1
0.383076 1
0.382938 1
0.382783 1
0.382646 1
0.382486 1
0.382352 1
0.382062 1
0.381908 1
0.381753 1
0.381599 1
0.381445 1
0.381288 1
0.381128 1
0.380969 1
0.380677 1
0.380527 1
0.38038 1
0.380235 1
0.380085 1
0.379936 1
0.379788 1
0.379633 1
0.379482 1
0.379323 1
0.379172 1
0.379014 1
0.378866 1
0.378733 1
0.378586 1
0.378445 1
0.378297 1
0.378162 1
0.378013 1
0.377857 1
0.377729 1
0.377578 1
0.377438 1
0.377287 1
0.377136 1
0.376986 1
0.376848 1
0.376694 1
0.376553 1
0.376415 1
0.376258 1
0.376097 1
0.376097 0
0.37595 0
0.375795 0
0.375653 0
0.375497 0
0.375357 0
0.375225 0
0.375082 0
0.374934 0
0.374781 0
0.374607 0
0.374469 0
0.374319 0
0.37417 0
0.374014 0
0.373888 0
0.373736 0
0.373582 0
0.373435 0
0.37328 0
0.373132 0
0.372845 0
0.372689 0
0.372531 0
0.372371 0
0.372229 0
0.372088 0
0.371929 0
0.37178 0
0.371623 0
0.37147 0
0.371322 0
0.371176 0
0.37102 0
0.370877 0
0.370719 0
0.370583 0
0.370443 0
0.370287 0
0.370132 0
0.369984 0
0.369839 0
0.369686 0
0.369537 0
0.369394 0
0.369244 0
0.369098 0
0.368943 0
0.368789 0
0.368641 0
0.3685 0
0.368349 0
0.368191 0
0.36803 0
0.367737 0
0.36758 0
0.367435 0
0.367277 0
0.367121 0
0.366965 0
0.366807 0
0.366653 0
0.366518 0
0.366368 0
0.366212 0
0.366063 0
0.365911 0
0.365771 0
0.365614 0
0.365469 0
0.365319 0
0.36516 0
0.365009 0
0.364852 0
0.364696 0
0.364548 0
0.364404 0
0.364254 0
0.364115 0
0.363965 0
0.363814 0
0.36366 0
0.363504 0
0.363354 0
0.363059 0
0.36291 0
0.362762 0
0.362608 0
0.362471 0
0.362318 0
0.362161 0
0.362007 0
0.361868 0
0.361727 0
0.361571 0
0.361429 0
0.361282 0
0.36113 0
0.360971 0
0.36082 0
0.360672 0
0.360371 0
0.360231 0
0.360077 0
0.359961 0
0.359816 0
0.359665 0
0.359505 0
0.359352 0
0.359193 0
0.359041 0
0.3589 0
0.358609 0
0.358456 0
0.358321 0
0.358164 0
0.358011 0
0.35786 0
0.357706 0
0.357559 0
0.357403 0
0.357261 0
0.357106 0
0.356951 0
0.356792 0
0.356648 0
0.356498 0
0.356351 0
0.3562 0
0.356056 0
0.355907 0
0.355773 0
0.355626 0
0.355471 0
0.355321 0
0.355182 0
0.355028 0
0.35487 0
0.354718 0
0.354568 0
0.354405 0
0.354255 0
0.354099 0
0.353945 0
0.353785 0
0.353635 0
0.353479 0
0.353324 0
0.353166 0
0.353039 0
0.352898 0
0.352743 0
0.352598 0
0.352441 0
0.352295 0
0.352149 0
0.351994 0
0.351841 0
0.351701 0
0.351552 0
0.351396 0
0.351236 0
0.351081 0
0.350783 0
0.350644 0
0.350527 0
0.35023 0
0.350082 0
0.349937 0
0.349788 0
0.349647 0
0.349356 0
0.34921 0
0.349059 0
0.34893 0
0.348776 0
0.348624 0
0.348489 0
0.348349 0
0.348191 0
0.348039 0
0.347892 0
0.347733 0
0.347578 0
0.34742 0
0.34728 0
0.347133 0
0.346985 0
0.346831 0
0.346702 0
0.346566 0
0.346425 0
0.346276 0
0.345973 0
0.345814 0
0.345658 0
0.345501 0
0.34535 0
0.345204 0
0.345052 0
0.34491 0
0.34475 0
0.344595 0
0.344435 0
0.344278 0
0.344131 0
0.343979 0
0.343825 0
0.343529 0
0.343388 0
0.34324 0
0.343094 0
0.342782 0
0.342636 0
0.342491 0
0.342336 0
0.342068 0
0.341912 0
0.341791 0
0.341643 0
0.341493 0
0.341362 0
0.341202 0
0.341047 0
0.340898 0
0.340744 0
0.340592 0
0.340452 0
0.340298 0
0.340019 0
0.339872 0
0.339716 0
0.339402 0
0.339246 0
0.338938 0
0.338638 0
0.338489 0
0.338341 0
0.338184 0
0.33788 0
0.337727 0
0.33758 0
0.337421 0
0.337108 0
0.336953 0
0.336801 0
0.336643 0
0.336502 0
0.336359 0
0.336201 0
0.336049 0
0.335923 0
0.335762 0
0.335614 0
0.335479 0
0.335324 0
0.335161 0
0.335025 0
0.334876 0
0.334726 0
0.334581 0
0.334427 0
0.33428 0
0.334123 0
0.333991 0
0.333838 0
0.33368 0
0.333528 0
0.33338 0
0.333232 0
0.333079 0
0.332924 0
0.332629 0
0.332472 0
0.332313 0
0.332173 0
0.332012 0
0.331862 0
0.331712 0
0.331402 0
0.331255 0
0.331118 0
0.330976 0
0.330825 0
0.330536 0
0.330413 0
0.330261 0
0.330101 0
0.32995 0
0.329645 0
0.329498 0
0.329196 0
0.329044 0
0.328901 0
0.328748 0
0.328603 0
0.328446 0
0.328147 0
0.327995 0
0.32785 0
0.327696 0
0.327548 0
0.327396 0
0.327268 0
0.32711 0
0.326976 0
0.326819 0
0.326674 0
0.326516 0
0.326373 0
0.32622 0
0.325916 0
0.325763 0
0.325623 0
0.325473 0
0.325165 0
0.325012 0
0.324702 0
0.324545 0
0.324396 0
0.323941 0
0.323801 0
0.323658 0
0.323511 0
0.323352 0
0.323206 0
0.323058 0
0.322903 0
0.322746 0
0.322588 0
0.322438 0
0.322277 0
0.322123 0
0.321976 0
0.321823 0
0.32167 0
0.321512 0
0.321371 0
0.321226 0
0.321077 0
0.320954 0
0.320815 0
0.320661 0
0.320509 0
0.32036 0
0.320202 0
0.320039 0
0.31988 0
0.31973 0
0.319571 0
0.319424 0
0.319128 0
0.318971 0
0.318816 0
0.318667 0
0.318519 0
0.318359 0
0.318213 0
0.318059 0
0.317908 0
0.317591 0
0.317435 0
0.317142 0
0.316992 0
0.316838 0
0.316693 0
0.316544 0
0.316392 0
0.316238 0
0.315939 0
0.315791 0
0.315632 0
0.315473 0
0.315323 0
0.315179 0
0.315035 0
0.314919 0
0.314776 0
0.314631 0
0.314316 0
0.314159 0
0.314008 0
0.313856 0
0.313725 0
0.313572 0
0.31326 0
0.313114 0
0.312976 0
0.312672 0
0.312514 0
0.312361 0
0.312204 0
0.312047 0
0.311916 0
0.311765 0
0.311626 0
0.311486 0
0.311334 0
0.311186 0
0.311037 0
0.310883 0
0.31073 0
0.310577 0
0.310426 0
0.31028 0
0.310133 0
0.309983 0
0.309836 0
0.309685 0
0.309557 0
0.309402 0
0.309246 0
0.309095 0
0.308944 0
0.308802 0
0.308645 0
0.308489 0
0.308351 0
0.308199 0
0.307899 0
0.307745 0
0.307594 0
0.307449 0
0.307293 0
0.307134 0
0.306977 0
0.30683 0
0.306688 0
0.306531 0
0.306382 0
0.30623 0
0.306071 0
0.305946 0
0.305786 0
0.305637 0
0.30533 0
0.305174 0
0.305017 0
0.30486 0
0.304711 0
0.304559 0
0.304399 0
0.304249 0
0.304101 0
0.303978 0
0.30368 0
0.303539 0
0.303402 0
0.303243 0
0.303084 0
0.302776 0
0.302623 0
0.302477 0
0.302337 0
0.302034 0
0.301877 0
0.301718 0
0.301584 0
0.301307 0
0.301159 0
0.300999 0
0.300841 0
0.300691 0
0.300542 0
0.300388 0
0.300227 0
0.300085 0
0.299778 0
0.299632 0
0.299475 0
0.299323 0
0.299167 0
0.299031 0
0.298879 0
0.298735 0
0.298583 0
0.298451 0
0.298306 0
0.298149 0
0.298001 0
0.297842 0
0.297698 0
0.297567 0
0.297412 0
0.297259 0
0.297102 0
0.296794 0
0.296643 0
0.296498 0
0.29634 0
0.296034 0
0.29589 0
0.295745 0
0.295603 0
0.295451 0
0.295297 0
0.295142 0
0.294991 0
0.294848 0
0.294691 0
0.294543 0
0.294392 0
0.294241 0
0.294081 0
0.293925 0
0.293773 0
0.293618 0
0.293319 0
0.293171 0
0.293012 0
0.292852 0
0.2927 0
0.29243 0
0.292122 0
0.291967 0
0.291818 0
0.291683 0
0.291537 0
0.291373 0
0.291228 0
0.291076 0
0.290929 0
0.290776 0
0.290613 0
0.290326 0
0.290172 0
0.290016 0
0.289866 0
0.289711 0
0.289554 0
0.289404 0
0.28927 0
0.289115 0
0.288958 0
0.288803 0
0.288496 0
0.288342 0
0.288189 0
0.288036 0
0.287569 0
0.287421 0
0.287275 0
0.287131 0
0.286986 0
0.286826 0
0.286677 0
0.286522 0
0.286373 0
0.286232 0
0.286083 0
0.285923 0
0.285764 0
0.285466 0
0.285308 0
0.285156 0
0.284851 0
0.284696 0
0.284542 0
0.284246 0
0.284087 0
0.283931 0
0.283776 0
0.283636 0
0.283498 0
0.283348 0
0.28304 0
0.282883 0
0.282734 0
0.282594 0
0.282455 0
0.282306 0
0.282163 0
0.282007 0
0.281855 0
0.281699 0
0.281553 0
0.281408 0
0.281257 0
0.281103 0
0.280954 0
0.280804 0
0.280649 0
0.28049 0
0.280174 0
0.280021 0
0.279882 0
0.279586 0
0.279444 0
0.27929 0
0.279141 0
0.278986 0
0.278844 0
0.278693 0
0.278539 0
0.27839 0
0.278244 0
0.278104 0
0.277946 0
0.277791 0
0.277641 0
0.277492 0
0.277344 0
0.277195 0
0.277043 0
0.276895 0
0.27659 0
0.27644 0
0.276286 0
0.276126 0
0.275966 0
0.275809 0
0.275664 0
0.27551 0
0.275363 0
0.275213 0
0.27506 0
0.274925 0
0.274785 0
0.274634 0
0.27448 0
0.274027 0
0.273873 0
0.273731 0
0.273581 0
0.273424 0
0.27311 0
0.272957 0
0.272807 0
0.272508 0
0.272367 0
0.272221 0
0.272091 0
0.271961 0
0.271817 0
0.271664 0
0.27151 0
0.271355 0
0.271061 0
0.270905 0
0.27076 0
0.270606 0
0.270456 0
0.270301 0
0.270151 0
0.269999 0
0.269702 0
0.269557 0
0.269268 0
0.269141 0
0.268996 0
0.268845 0
0.268719 0
0.268579 0
0.268434 0
0.268164 0
0.267861 0
0.267707 0
0.267551 0
0.267412 0
0.267254 0
0.267104 0
0.266943 0
0.266793 0
0.266635 0
0.266479 0
0.266322 0
0.266167 0
0.265871 0
0.265714 0
0.265573 0
0.265277 0
0.265121 0
0.264817 0
0.264662 0
0.264503 0
0.264343 0
0.264031 0
0.263888 0
0.263736 0
0.263595 0
0.263442 0
0.263289 0
0.263148 0
0.262991 0
0.262843 0
0.262691 0
0.262532 0
0.262076 0
0.261933 0
0.261778 0
0.261632 0
0.261477 0
0.261329 0
0.261023 0
0.260882 0
0.260732 0
0.260582 0
0.260429 0
0.260271 0
0.260131 0
0.259985 0
0.259837 0
0.259681 0
0.259528 0
0.25938 0
0.259228 0
0.259067 0
0.258775 0
0.25862 0
0.258469 0
0.258321 0
0.258174 0
0.258032 0
0.25788 0
0.257727 0
0.25757 0
0.257424 0
0.257118 0
0.256987 0
0.256827 0
0.25667 0
0.25653 0
0.256382 0
0.256248 0
0.256101 0
0.255953 0
0.255805 0
0.255646 0
0.25551 0
0.25535 0
0.25506 0
0.254921 0
0.254785 0
0.254646 0
0.254516 0
0.254357 0
0.254049 0
0.253891 0
0.253742 0
0.253595 0
0.253436 0
0.253288 0
0.253128 0
0.25285 0
0.252701 0
0.252559 0
0.252407 0
0.252247 0
0.251936 0
0.251786 0
0.251632 0
0.251479 0
0.251354 0
0.251208 0
0.251049 0
0.2509 0
0.250745 0
0.250602 0
0.250451 0
0.250304 0
0.25015 0
0.249994 0
0.249532 0
0.249214 0
0.249066 0
0.248911 0
0.248773 0
0.248612 0
0.248464 0
0.24832 0
0.248165 0
0.248007 0
0.24785 0
0.247707 0
0.247555 0
0.247405 0
0.247263 0
0.247117 0
0.246972 0
0.246665 0
0.246517 0
0.246364 0
0.246204 0
0.246052 0
0.245908 0
0.245752 0
0.245612 0
0.24547 0
0.245154 0
0.245008 0
0.24486 0
0.244704 0
0.244556 0
0.244406 0
0.24425 0
0.244104 0
0.243965 0
0.243805 0
0.24365 0
0.243507 0
0.243358 0
0.243204 0
0.242893 0
0.242738 0
0.242587 0
0.242429 0
0.242275 0
0.242121 0
0.241814 0
0.241657 0
0.24137 0
0.241213 0
0.240917 0
0.240769 0
0.240619 0
0.240329 0
0.24018 0
0.240023 0
0.239857 0
0.239707 0
0.239552 0
0.239408 0
0.239109 0
0.238957 0
0.238802 0
0.238643 0
0.238337 0
0.238179 0
0.23802 0
0.237875 0
0.237562 0
0.237406 0
0.237264 0
0.237106 0
0.236946 0
0.236669 0
0.236531 0
0.236228 0
0.23608 0
0.235934 0
0.23578 0
0.235623 0
0.235321 0
0.235161 0
0.235013 0
0.234867 0
0.234723 0
0.234564 0
0.234414 0
0.23427 0
0.233991 0
0.233836 0
0.233687 0
0.233387 0
0.233255 0
0.232971 0
0.232661 0
0.232512 0
0.232363 0
0.232209 0
0.23206 0
0.231751 0
0.231596 0
0.231303 0
0.231161 0
0.231029 0
0.230879 0
0.230732 0
0.230581 0
0.230441 0
0.230297 0
0.230152 0
0.229852 0
0.229698 0
0.229546 0
0.229386 0
0.229241 0
0.229088 0
0.228649 0
0.228495 0
0.228172 0
0.228018 0
0.227862 0
0.227707 0
0.227579 0
0.22743 0
0.22728 0
0.227125 0
0.226971 0
0.226819 0
0.226668 0
0.226534 0
0.226388 0
0.22624 0
0.22593 0
0.225629 0
0.225469 0
0.225337 0
0.225183 0
0.225034 0
0.224897 0
0.224739 0
0.224592 0
0.224439 0
0.224284 0
0.224123 0
0.223831 0
0.223366 0
0.223222 0
0.223067 0
0.22292 0
0.222761 0
0.222615 0
0.222456 0
0.222157 0
0.221855 0
0.221697 0
0.221245 0
0.220943 0
0.220787 0
0.220629 0
0.220479 0
0.22032 0
0.220019 0
0.219864 0
0.219715 0
0.219566 0
0.219416 0
0.21926 0
0.219123 0
0.218977 0
0.218833 0
0.218685 0
0.218546 0
0.218246 0
0.218089 0
0.217946 0
0.217793 0
0.21764 0
0.217485 0
0.217215 0
0.21707 0
0.216924 0
0.216771 0
0.216625 0
0.216322 0
0.216058 0
0.215905 0
0.215752 0
0.215609 0
0.215455 0
0.215302 0
0.215168 0
0.215023 0
0.214867 0
0.214565 0
0.214414 0
0.21426 0
0.21411 0
0.213801 0
0.213643 0
0.213486 0
0.213328 0
0.213178 0
0.213021 0
0.2129 0
0.212744 0
0.212595 0
0.212442 0
0.212299 0
0.212148 0
0.211845 0
0.211692 0
0.211546 0
0.211409 0
0.21126 0
0.211109 0
0.210952 0
0.210647 0
0.210499 0
0.210352 0
0.210208 0
0.21005 0
0.209897 0
0.209742 0
0.209609 0
0.209452 0
0.209149 0
0.208994 0
0.208849 0
0.208698 0
0.208562 0
0.208422 0
0.208273 0
0.208112 0
0.20796 0
0.207803 0
0.207666 0
0.20751 0
0.207358 0
0.207069 0
0.206913 0
0.206765 0
0.206613 0
0.206457 0
0.206302 0
0.206146 0
0.205987 0
0.20583 0
0.205691 0
0.205539 0
0.205387 0
0.20523 0
0.205091 0
0.204938 0
0.204783 0
0.204642 0
0.204491 0
0.204341 0
0.204198 0
0.204046 0
0.2039 0
0.203743 0
0.203297 0
0.202996 0
0.202701 0
0.202541 0
0.202391 0
0.202233 0
0.201932 0
0.201775 0
0.201641 0
0.201481 0
0.201327 0
0.201182 0
0.201034 0
0.200879 0
0.200725 0
0.200575 0
0.200418 0
0.200282 0
0.200123 0
0.19982 0
0.199675 0
0.199523 0
0.199378 0
0.199222 0
0.198922 0
0.198764 0
0.198611 0
0.198455 0
0.198301 0
0.198149 0
0.197998 0
0.197844 0
0.197689 0
0.197543 0
0.197386 0
0.197232 0
0.197076 0
0.196927 0
0.196783 0
0.196629 0
0.196475 0
0.196022 0
0.195874 0
0.195719 0
0.195423 0
0.195265 0
0.194953 0
0.194812 0
0.194657 0
0.194503 0
0.194354 0
0.194049 0
0.193891 0
0.193742 0
0.193587 0
0.193431 0
0.193119 0
0.192965 0
0.19267 0
0.192533 0
0.192387 0
0.192232 0
0.19208 0
0.191934 0
0.191652 0
0.191348 0
0.191192 0
0.190882 0
0.190588 0
0.190445 0
0.190291 0
0.190145 0
0.189995 0
0.189694 0
0.189535 0
0.189388 0
0.188779 0
0.188628 0
0.188487 0
0.18803 0
0.187881 0
0.187725 0
0.187572 0
0.187414 0
0.18711 0
0.186951 0
0.186807 0
0.186649 0
0.186488 0
0.186177 0
0.186021 0
0.185888 0
0.185737 0
0.185591 0
0.185437 0
0.185291 0
0.185135 0
0.184988 0
0.184845 0
0.184581 0
0.184435 0
0.184277 0
0.184136 0
0.183983 0
0.183828 0
0.183678 0
0.18337 0
0.183218 0
0.182922 0
0.182611 0
0.182456 0
0.1823 0
0.182149 0
0.181868 0
0.181718 0
0.181563 0
0.181415 0
0.181115 0
0.180963 0
0.180802 0
0.180495 0
0.180335 0
0.180033 0
0.179896 0
0.179588 0
0.17944 0
0.179285 0
0.179131 0
0.178977 0
0.178666 0
0.178508 0
0.178372 0
0.178223 0
0.1781 0
0.177816 0
0.17766 0
0.177514 0
0.177361 0
0.177208 0
0.177047 0
0.176892 0
0.176438 0
0.17629 0
0.176149 0
0.175994 0
0.175846 0
0.175696 0
0.175538 0
0.175224 0
0.175074 0
0.174915 0
0.174763 0
0.174621 0
0.174462 0
0.174152 0
0.174005 0
0.173547 0
0.173266 0
0.173106 0
0.172955 0
0.172816 0
0.172669 0
0.172523 0
0.17238 0
0.172228 0
0.171919 0
0.171767 0
0.171611 0
0.171467 0
0.171309 0
0.171148 0
0.171021 0
0.17071 0
0.170405 0
0.170262 0
0.169951 0
0.169647 0
0.16949 0
0.169336 0
0.169179 0
0.169023 0
0.168744 0
0.168592 0
0.168283 0
0.168136 0
0.167977 0
0.167821 0
0.167677 0
0.16752 0
0.167215 0
0.167067 0
0.166921 0
0.166764 0
0.166155 0
0.165998 0
0.16584 0
0.165698 0
0.165553 0
0.165395 0
0.165088 0
0.164928 0
0.164769 0
0.164628 0
0.164492 0
0.164339 0
0.164057 0
0.163904 0
0.16362 0
0.163472 0
0.163324 0
0.163173 0
0.163024 0
0.162879 0
0.162717 0
0.162565 0
0.162265 0
0.162122 0
0.161831 0
0.161673 0
0.161521 0
0.161379 0
0.161218 0
0.160758 0
0.160451 0
0.160159 0
0.160013 0
0.15987 0
0.159719 0
0.159558 0
0.159397 0
0.159242 0
0.159085 0
0.15893 0
0.158779 0
0.158618 0
0.158466 0
0.158326 0
0.158166 0
0.158006 0
0.15785 0
0.15754 0
0.157385 0
0.157237 0
0.157091 0
0.156937 0
0.156627 0
0.156335 0
0.156181 0
0.156022 0
0.155869 0
0.155555 0
0.155402 0
0.155255 0
0.155112 0
0.154964 0
0.154516 0
0.154362 0
0.154211 0
0.15407 0
0.15391 0
0.153766 0
0.153609 0
0.153456 0
0.15331 0
0.153162 0
0.153014 0
0.152859 0
0.152694 0
0.152537 0
0.152396 0
0.151953 0
0.151799 0
0.151663 0
0.151507 0
0.151366 0
0.151213 0
0.151063 0
0.150921 0
0.150605 0
0.150317 0
0.150027 0
0.149874 0
0.149717 0
0.149401 0
0.149104 0
0.148796 0
0.148651 0
0.1485 0
0.148349 0
0.148194 0
0.147892 0
0.14774 0
0.147584 0
0.147433 0
0.147286 0
0.146834 0
0.146518 0
0.146361 0
0.146204 0
0.146065 0
0.145915 0
0.145769 0
0.145615 0
0.145457 0
0.145307 0
0.14515 0
0.144848 0
0.144704 0
0.144552 0
0.144398 0
0.144239 0
0.144081 0
0.143937 0
0.14381 0
0.143659 0
0.143508 0
0.143356 0
0.143203 0
0.142891 0
0.142738 0
0.142595 0
0.142441 0
0.142286 0
0.14182 0
0.141538 0
0.141394 0
0.141251 0
0.141104 0
0.140811 0
0.140504 0
0.140193 0
0.139883 0
0.139733 0
0.139573 0
0.139414 0
0.139261 0
0.139116 0
0.138961 0
0.138816 0
0.138375 0
0.138236 0
0.137932 0
0.137776 0
0.137626 0
0.137323 0
0.137176 0
0.136739 0
0.136585 0
0.136137 0
0.135988 0
0.135683 0
0.135547 0
0.1354 0
0.135099 0
0.134942 0
0.134801 0
0.134661 0
0.134348 0
0.134193 0
0.133905 0
0.133752 0
0.133613 0
0.133159 0
0.133003 0
0.132846 0
0.132726 0
0.132575 0
0.132424 0
0.132268 0
0.132119 0
0.131965 0
0.131819 0
0.13168 0
0.131527 0
0.131376 0
0.131222 0
0.131072 0
0.130624 0
0.130319 0
0.130169 0
0.130023 0
0.129872 0
0.129708 0
0.12942 0
0.129266 0
0.129108 0
0.128661 0
0.128506 0
0.128352 0
0.128203 0
0.127906 0
0.127746 0
0.127588 0
0.127433 0
0.127275 0
0.127117 0
0.126962 0
0.126814 0
0.126652 0
0.126486 0
0.126325 0
0.126171 0
0.126012 0
0.12586 0
0.125422 0
0.125268 0
0.125117 0
0.124966 0
0.124819 0
0.124699 0
0.124545 0
0.124385 0
0.12423 0
0.124079 0
0.12393 0
0.123633 0
0.12349 0
0.123339 0
0.123184 0
0.123037 0
0.122878 0
0.12272 0
0.122565 0
0.12241 0
0.122094 0
0.121796 0
0.121474 0
0.121319 0
0.12117 0
0.121021 0
0.120869 0
0.12073 0
0.120576 0
0.120108 0
0.1198 0
0.11964 0
0.119331 0
0.119177 0
0.119023 0
0.118871 0
0.118716 0
0.118571 0
0.118417 0
0.118263 0
0.118119 0
0.117961 0
0.117808 0
0.117657 0
0.117363 0
0.117207 0
0.117059 0
0.116911 0
0.116754 0
0.116438 0
0.116126 0
0.115981 0
0.115686 0
0.115549 0
0.115393 0
0.115093 0
0.114947 0
0.114798 0
0.114656 0
0.114359 0
0.114218 0
0.114048 0
0.113898 0
0.113605 0
0.113469 0
0.113336 0
0.113194 0
0.113037 0
0.112884 0
0.112753 0
0.112603 0
0.112443 0
0.112148 0
0.112003 0
0.111712 0
0.111423 0
0.111276 0
0.111118 0
0.110821 0
0.110669 0
0.110513 0
0.110354 0
0.110207 0
0.110047 0
0.109894 0
0.109743 0
0.109584 0
0.10943 0
0.109281 0
0.108972 0
0.108824 0
0.108534 0
0.108396 0
0.10809 0
0.107935 0
0.107801 0
0.107659 0
0.107505 0
0.107353 0
0.107208 0
0.107064 0
0.106908 0
0.106608 0
0.106479 0
0.106332 0
0.106174 0
0.105872 0
0.105578 0
0.105266 0
0.104978 0
0.10483 0
0.104688 0
0.104544 0
0.104398 0
0.104238 0
0.104083 0
0.103927 0
0.103787 0
0.103629 0
0.10347 0
0.103324 0
0.103006 0
0.102851 0
0.102696 0
0.102565 0
0.102413 0
0.102258 0
0.102106 0
0.101797 0
0.101661 0
0.101509 0
0.101352 0
0.101197 0
0.101043 0
0.100614 0
0.10046 0
0.100305 0
0.100153 0
0.1 0
0.0998437 0
0.0996929 0
0.0995432 0
0.0993884 0
0.099246 0
0.0990885 0
0.0987868 0
0.0985018 0
0.0981913 0
0.0980407 0
0.0978992 0
0.0977416 0
0.0975835 0
0.0974294 0
0.0972846 0
0.0971361 0
0.0969774 0
0.0968377 0
0.0966873 0
0.0965267 0
0.0963785 0
0.0962218 0
0.0960665 0
0.0959063 0
0.0957505 0
0.0955998 0
0.0954388 0
0.0951386 0
0.0949907 0
0.0948424 0
0.0943809 0
0.0942358 0
0.0940834 0
0.0939322 0
0.0937853 0
0.0936399 0
0.0934827 0
0.0933361 0
0.0931877 0
0.0930375 0
0.0927421 0
0.0926143 0
0.0924555 0
0.0923012 0
0.092148 0
0.0918453 0
0.0916917 0
0.0914077 0
0.0912513 0
0.0910922 0
0.0909465 0
0.0906475 0
0.0904938 0
0.0903349 0
0.0901941 0
0.0900441 0
0.0898965 0
0.0897404 0
0.0895923 0
0.0894442 0
0.0893015 0
0.0891638 0
0.0890183 0
0.0887254 0
0.0885719 0
0.088432 0
0.0878215 0
0.0875196 0
0.0873615 0
0.0872027 0
0.0870561 0
0.0868989 0
0.0867551 0
0.0862956 0
0.086139 0
0.0859821 0
0.0856984 0
0.0855505 0
0.0854027 0
0.0852448 0
0.0849552 0
0.084792 0
0.0846417 0
0.0844877 0
0.0843506 0
0.0841984 0
0.0840533 0
0.0837436 0
0.0835908 0
0.0834443 0
0.0832904 0
0.0829812 0
0.082844 0
0.0826997 0
0.0825471 0
0.0823976 0
0.0822456 0
0.0820885 0
0.0819376 0
0.08179 0
0.0816508 0
0.0814926 0
0.081343 0
0.0811895 0
0.0810361 0
0.0807262 0
0.0805732 0
0.0804207 0
0.080108 0
0.0799491 0
0.0797996 0
0.0796502 0
0.0793577 0
0.0792213 0
0.0790623 0
0.078908 0
0.0786162 0
0.0784648 0
0.0781613 0
0.0780129 0
0.077861 0
0.0775577 0
0.0773966 0
0.0772417 0
0.0767775 0
0.0766197 0
0.0764732 0
0.0763151 0
0.0761704 0
0.0760249 0
0.0758647 0
0.0757181 0
0.075567 0
0.0754088 0
0.0752578 0
0.075113 0
0.0749663 0
0.0748085 0
0.0746635 0
0.0745129 0
0.07421 0
0.0740528 0
0.0738938 0
0.0737392 0
0.0735914 0
0.0734378 0
0.0733008 0
0.0731508 0
0.0728554 0
0.0727078 0
0.0725674 0
0.07228 0
0.0721377 0
0.0720062 0
0.0718533 0
0.0717012 0
0.0714048 0
0.0712529 0
0.071101 0
0.0709403 0
0.0707867 0
0.0706419 0
0.0704862 0
0.0703376 0
0.0701943 0
0.0698846 0
0.0697384 0
0.0694356 0
0.0692833 0
0.0691236 0
0.0689681 0
0.0688224 0
0.0686761 0
0.0685164 0
0.0683696 0
0.0682092 0
0.0680581 0
0.0679034 0
0.067762 0
0.0676039 0
0.0672925 0
0.0669862 0
0.0666766 0
0.0665261 0
0.0663785 0
0.0662242 0
0.0660717 0
0.0659156 0
0.0657618 0
0.0656238 0
0.065476 0
0.0653202 0
0.0650345 0
0.0648836 0
0.0645811 0
0.0644278 0
0.0639796 0
0.063822 0
0.0636768 0
0.0635312 0
0.0633711 0
0.0632185 0
0.0629327 0
0.0627825 0
0.0626242 0
0.0624644 0
0.0623127 0
0.0621618 0
0.0620069 0
0.0618563 0
0.0615504 0
0.0612474 0
0.0611138 0
0.0609562 0
0.0608007 0
0.0605016 0
0.0603628 0
0.0602186 0
0.060066 0
0.05991 0
0.059758 0
0.0596064 0
0.0594547 0
0.0592989 0
0.0591452 0
0.0590086 0
0.0588603 0
0.0587071 0
0.0585492 0
0.0583942 0
0.0582514 0
0.0580907 0
0.057779 0
0.057626 0
0.0574798 0
0.0571611 0
0.0570176 0
0.0567135 0
0.0562837 0
0.0561449 0
0.0559925 0
0.0557043 0
0.0553985 0
0.0550889 0
0.0549301 0
0.054628 0
0.054468 0
0.054162 0
0.0540181 0
0.053869 0
0.0537173 0
0.0535597 0
0.05309 0
0.0529312 0
0.0527799 0
0.0524743 0
0.0521773 0
0.0520274 0
0.0518719 0
0.0515741 0
0.051422 0
0.0512722 0
0.0511226 0
0.0509757 0
0.050833 0
0.050686 0
0.0503821 0
0.0500833 0
0.049923 0
0.0497783 0
0.0496299 0
0.0494777 0
0.0493209 0
0.0488618 0
0.0487125 0
0.0485558 0
0.0484048 0
0.0482498 0
0.0481058 0
0.0479708 0
0.0478162 0
0.0475088 0
0.0471993 0
0.0470544 0
0.0469082 0
0.0467629 0
0.0466042 0
0.0464529 0
0.0461367 0
0.0459801 0
0.0458292 0
0.0455493 0
0.0452609 0
0.0449634 0
0.044808 0
0.0446547 0
0.0445061 0
0.0443555 0
0.0442004 0
0.0440637 0
0.0439183 0
0.0437638 0
0.0434474 0
0.0429909 0
0.0426815 0
0.0425243 0
0.0423706 0
0.0420676 0
0.0419232 0
0.0417778 0
0.0416203 0
0.0413176 0
0.0411685 0
0.0408582 0
0.040702 0
0.0405498 0
0.040395 0
0.0402481 0
0.039946 0
0.0397868 0
0.0396261 0
0.0394619 0
0.0393114 0
0.0391687 0
0.0390131 0
0.0388844 0
0.0387335 0
0.0385802 0
0.0384273 0
0.0382762 0
0.03812 0
0.037812 0
0.0376694 0
0.0375176 0
0.0372022 0
0.037053 0
0.0369118 0
0.0367764 0
0.0366278 0
0.0363284 0
0.0361935 0
0.0360353 0
0.0358807 0
0.0357271 0
0.0355812 0
0.0354252 0
0.0352747 0
0.0351193 0
0.0349742 0
0.0348238 0
0.0345101 0
0.0342051 0
0.0340588 0
0.0339106 0
0.0337642 0
0.0336081 0
0.0334603 0
0.0333082 0
0.0331522 0
0.0330022 0
0.0328451 0
0.0326948 0
0.0325422 0
0.0323909 0
0.0322463 0
0.0320966 0
0.0319395 0
0.0314748 0
0.0313208 0
0.0311545 0
0.0309954 0
0.030846 0
0.0307043 0
0.0305463 0
0.0303945 0
0.0302546 0
0.030095 0
0.0299486 0
0.0297931 0
0.029641 0
0.0295004 0
0.0293508 0
0.0292046 0
0.0290663 0
0.0289116 0
0.0287511 0
0.0285918 0
0.0281302 0
0.027972 0
0.0278113 0
0.0276542 0
0.0273634 0
0.0272093 0
0.0270565 0
0.026896 0
0.0267355 0
0.0265831 0
0.0262728 0
0.0261127 0
0.0259603 0
0.025818 0
0.0256691 0
0.0255081 0
0.0250735 0
0.0249141 0
0.0247591 0
0.024614 0
0.0243154 0
0.024019 0
0.0238711 0
0.0237132 0
0.0235527 0
0.0234034 0
0.0232385 0
0.0230822 0
0.0229455 0
0.0226335 0
0.022478 0
0.0223294 0
0.0221715 0
0.0220137 0
0.0218571 0
0.0215493 0
0.0213979 0
0.0212387 0
0.0210856 0
0.0209253 0
0.0207833 0
0.0206289 0
0.0204808 0
0.0203378 0
0.0201814 0
0.0200281 0
0.019873 0
0.0197158 0
0.0195574 0
0.0194053 0
0.0192577 0
0.0189556 0
0.0187982 0
0.0186457 0
0.0184888 0
0.018331 0
0.0181736 0
0.0180191 0
0.0178684 0
0.0177161 0
0.0175717 0
0.0174204 0
0.0172734 0
0.0171315 0
0.016973 0
0.0168153 0
0.016654 0
0.0165004 0
0.0163448 0
0.0161924 0
0.0158787 0
0.0157238 0
0.015564 0
0.0154169 0
0.0152677 0
0.0151109 0
0.0147972 0
0.0146467 0
0.0144944 0
0.0143409 0
0.014189 0
0.0140291 0
0.0137248 0
0.0135572 0
0.0134044 0
0.0132515 0
0.0131039 0
0.0129486 0
0.0127928 0
0.0126468 0
0.0125005 0
0.0123529 0
0.0122041 0
0.0120484 0
0.0118929 0
0.0117345 0
0.0115924 0
0.0114342 0
0.0112851 0
0.0111249 0
0.0109653 0
0.0108123 0
0.0106595 0
0.0105064 0
0.0103542 0
0.0101987 0
0.0100554 0
0.00990221 0
0.00974161 0
0.00958594 0
0.00927413 0
0.0091288 0
0.00898201 0
0.00882579 0
0.00867204 0
0.00852393 0
0.00820912 0
0.00805091 0
0.00790149 0
0.00775243 0
0.00759549 0
0.00743882 0
0.00729155 0
0.00714672 0
0.00699917 0
0.0068462 0
0.00669118 0
0.00654093 0
0.00639979 0
0.00624818 0
0.00609686 0
0.00595323 0
0.00580444 0
0.00564574 0
0.00549268 0
0.00534003 0
0.00519267 0
0.00503736 0
0.00488312 0
0.00473653 0
0.00458868 0
0.00443395 0
0.00428094 0
0.00413536 0
0.00397977 0
0.00383356 0
0.00322539 0
0.00306711 0
0.0029219 0
0.00277268 0
0.00261938 0
0.0024632 0
0.00231068 0
0.00215735 0
0.00200947 0
0.00186737 0
0.00171051 0
0.001553 0
0.00139995 0
0.00124579 0
0.00109283 0
0.000937933 0
0.000780098 0
0.000624671 0
0.000468356 0
0.000311201 0
0.000153904 0
