0.747332 2497
0.747332 2496
0.747332 2495
0.747332 2494
0.747332 2493
0.747332 2492
0.747332 2491
0.747332 2490
0.747332 2489
0.747332 2488
0.747332 2487
0.747332 2486
0.747332 2485
0.747332 2484
0.747332 2483
0.747332 2482
0.747332 2481
0.747332 2480
0.747332 2479
0.747332 2478
0.747332 2477
0.747332 2476
0.747332 2475
0.747332 2474
0.747332 2473
0.747332 2472
0.747332 2471
0.747332 2470
0.747332 2469
0.747332 2468
0.747332 2467
0.747332 2466
0.747332 2465
0.747332 2464
0.747332 2463
0.747332 2462
0.747332 2461
0.747332 2460
0.747332 2459
0.747332 2458
0.747332 2457
0.747332 2456
0.747332 2455
0.747332 2454
0.747332 2453
0.747332 2452
0.747332 2451
0.747332 2450
0.747332 2449
0.747332 2448
0.747332 2447
0.747332 2446
0.747332 2445
0.747332 2444
0.747192 2444
0.747192 2443
0.747192 2442
0.747192 2441
0.747192 2440
0.747192 2439
0.747192 2438
0.747192 2437
0.747192 2436
0.747192 2435
0.747192 2434
0.747192 2433
0.747192 2432
0.747192 2431
0.747192 2430
0.747192 2429
0.747192 2428
0.747192 2427
0.747192 2426
0.747192 2425
0.747192 2424
0.747192 2423
0.747192 2422
0.747192 2421
0.747192 2420
0.747192 2419
0.747192 2418
0.747192 2417
0.747192 2416
0.747192 2415
0.747192 2414
0.747192 2413
0.747192 2412
0.747192 2411
0.747192 2410
0.747192 2409
0.747192 2408
0.747192 2407
0.747192 2406
0.747192 2405
0.747192 2404
0.747192 2403
0.747192 2402
0.747192 2401
0.747192 2400
0.747192 2399
0.747192 2398
0.747192 2397
0.747192 2396
0.747192 2395
0.747192 2394
0.747192 2393
0.747192 2392
0.747192 2391
0.747192 2390
0.747192 2389
0.747192 2388
0.747192 2387
0.747192 2386
0.747053 2386
0.747053 2385
0.747053 2384
0.747053 2383
0.747053 2382
0.747053 2381
0.747053 2380
0.747053 2379
0.747053 2378
0.747053 2377
0.747053 2376
0.747053 2375
0.747053 2374
0.747053 2373
0.747053 2372
0.747053 2371
0.747053 2370
0.747053 2369
0.747053 2368
0.747053 2367
0.747053 2366
0.747053 2365
0.747053 2364
0.747053 2363
0.747053 2362
0.747053 2361
0.747053 2360
0.747053 2359
0.747053 2358
0.747053 2357
0.747053 2356
0.747043 2355
0.747043 2354
0.747043 2353
0.747043 2352
0.747043 2351
0.747043 2350
0.747043 2349
0.747043 2348
0.747043 2347
0.747043 2346
0.747043 2345
0.747043 2344
0.747043 2343
0.747043 2342
0.747043 2341
0.747043 2340
0.747031 2339
0.747031 2338
0.747031 2337
0.746906 2337
0.746906 2336
0.746906 2335
0.746784 2335
0.746784 2334
0.746784 2333
0.746784 2332
0.746784 2331
0.746784 2330
0.746784 2329
0.746784 2328
0.746784 2327
0.746784 2326
0.746784 2325
0.746784 2324
0.746784 2323
0.746784 2322
0.746784 2321
0.746784 2320
0.746784 2319
0.746784 2318
0.746784 2317
0.746784 2316
0.746784 2315
0.746784 2314
0.746784 2313
0.746784 2312
0.746784 2311
0.746784 2310
0.746784 2309
0.746784 2308
0.746784 2307
0.746784 2306
0.746784 2305
0.746784 2304
0.746784 2303
0.746784 2302
0.746784 2301
0.746784 2300
0.746784 2299
0.746784 2298
0.746784 2297
0.746784 2296
0.746784 2295
0.746784 2294
0.746784 2293
0.746784 2292
0.746784 2291
0.746784 2290
0.746784 2289
0.746784 2288
0.746784 2287
0.746784 2286
0.746784 2285
0.746678 2285
0.746678 2284
0.746678 2283
0.746678 2282
0.746678 2281
0.746678 2280
0.746678 2279
0.746678 2278
0.746678 2277
0.746678 2276
0.746678 2275
0.746678 2274
0.746678 2273
0.746678 2272
0.746678 2271
0.746678 2270
0.746656 2269
0.746656 2268
0.746656 2267
0.746656 2266
0.746656 2265
0.746656 2264
0.746656 2263
0.746656 2262
0.746656 2261
0.746656 2260
0.746656 2259
0.746656 2258
0.746656 2257
0.746656 2256
0.746656 2255
0.746656 2254
0.746656 2253
0.746656 2252
0.746656 2251
0.746656 2250
0.746535 2250
0.746535 2249
0.746535 2248
0.746535 2247
0.746535 2246
0.746535 2245
0.746535 2244
0.746535 2243
0.746535 2242
0.746535 2241
0.746535 2240
0.746535 2239
0.746535 2238
0.746535 2237
0.746535 2236
0.746535 2235
0.746535 2234
0.746535 2233
0.746535 2232
0.746535 2231
0.746535 2230
0.746535 2229
0.746535 2228
0.746535 2227
0.746535 2226
0.746535 2225
0.746535 2224
0.746535 2223
0.746535 2222
0.746535 2221
0.746535 2220
0.746535 2219
0.746535 2218
0.746535 2217
0.746535 2216
0.746535 2215
0.746535 2214
0.746535 2213
0.746535 2212
0.746535 2210
0.746535 2209
0.746535 2208
0.746535 2207
0.746535 2206
0.746535 2205
0.746535 2204
0.746535 2203
0.746535 2202
0.746535 2201
0.746535 2200
0.746535 2199
0.746535 2198
0.746535 2197
0.746535 2196
0.746535 2195
0.746535 2194
0.746535 2193
0.746535 2192
0.746535 2191
0.746535 2190
0.746535 2189
0.746535 2188
0.746535 2187
0.746416 2187
0.746416 2186
0.746416 2185
0.746416 2184
0.746416 2183
0.746416 2182
0.746416 2181
0.746416 2180
0.746416 2179
0.746416 2178
0.746416 2177
0.746416 2176
0.746416 2175
0.746416 2174
0.746281 2174
0.746281 2173
0.746281 2172
0.746281 2171
0.746281 2170
0.746281 2169
0.746281 2168
0.746281 2167
0.746281 2166
0.746281 2165
0.746281 2164
0.746281 2163
0.746281 2162
0.746281 2161
0.746281 2160
0.746281 2159
0.746281 2158
0.746281 2157
0.746281 2156
0.746281 2155
0.746281 2154
0.746281 2153
0.746281 2152
0.746187 2152
0.746187 2151
0.746187 2150
0.746187 2149
0.746187 2148
0.746187 2147
0.746187 2146
0.746187 2145
0.746114 2144
0.746114 2143
0.746114 2142
0.746114 2141
0.746114 2140
0.746114 2139
0.746114 2138
0.746114 2137
0.746114 2136
0.746114 2135
0.746114 2134
0.746114 2133
0.746112 2132
0.746112 2131
0.746112 2130
0.746112 2129
0.746112 2128
0.746112 2127
0.746112 2126
0.746112 2125
0.746112 2124
0.746112 2123
0.746112 2122
0.745968 2122
0.745968 2121
0.745968 2120
0.745968 2119
0.745968 2118
0.74583 2118
0.74583 2117
0.74583 2116
0.74583 2115
0.74583 2114
0.74583 2113
0.74583 2112
0.74583 2111
0.74583 2110
0.74583 2109
0.74583 2108
0.74583 2107
0.74583 2106
0.74583 2105
0.74583 2104
0.74583 2103
0.74583 2102
0.74583 2101
0.74583 2100
0.74583 2099
0.74583 2098
0.74583 2097
0.74583 2096
0.74583 2095
0.74583 2094
0.74583 2093
0.74583 2092
0.74583 2091
0.74583 2090
0.74583 2089
0.74583 2088
0.74583 2087
0.74583 2086
0.74583 2085
0.74583 2084
0.74583 2083
0.74583 2082
0.74583 2081
0.74583 2080
0.74583 2079
0.745791 2078
0.745791 2077
0.745791 2076
0.745791 2075
0.745791 2074
0.745791 2073
0.745791 2072
0.745791 2071
0.745791 2070
0.745791 2069
0.745791 2068
0.745791 2067
0.745791 2066
0.745791 2065
0.745791 2064
0.745791 2063
0.745791 2062
0.745791 2061
0.745791 2060
0.745791 2059
0.745791 2058
0.745791 2057
0.745791 2056
0.745791 2055
0.745791 2054
0.745791 2053
0.745791 2052
0.745791 2051
0.745791 2050
0.745727 2049
0.745727 2048
0.745727 2047
0.745727 2046
0.745727 2045
0.745727 2044
0.745727 2043
0.745727 2042
0.745727 2041
0.745727 2040
0.745727 2039
0.745727 2038
0.745727 2037
0.745727 2036
0.745727 2035
0.745727 2034
0.745727 2033
0.745727 2032
0.745727 2031
0.745727 2030
0.745727 2029
0.745727 2028
0.745727 2027
0.745727 2026
0.74561 2026
0.74561 2025
0.74561 2024
0.74561 2023
0.74561 2022
0.745492 2022
0.745492 2021
0.745492 2020
0.745492 2019
0.745479 2018
0.745479 2017
0.745479 2016
0.745479 2015
0.745479 2014
0.745479 2013
0.745479 2012
0.745479 2011
0.745479 2010
0.745479 2009
0.745479 2008
0.745479 2007
0.745479 2006
0.745479 2005
0.745344 2005
0.745189 2005
0.745189 2004
0.745189 2003
0.745189 2002
0.745189 2001
0.745189 2000
0.745189 1999
0.745189 1998
0.745189 1997
0.745189 1996
0.745189 1995
0.745189 1994
0.745189 1993
0.745189 1992
0.745189 1991
0.745189 1990
0.745189 1989
0.745189 1988
0.745047 1988
0.744908 1988
0.744908 1987
0.744908 1986
0.744908 1985
0.744908 1984
0.744908 1983
0.744908 1982
0.744908 1981
0.744908 1980
0.744908 1979
0.744908 1978
0.744908 1977
0.744908 1976
0.744908 1975
0.744908 1974
0.744908 1973
0.744908 1972
0.744908 1971
0.744908 1970
0.744908 1969
0.744908 1968
0.744908 1967
0.744908 1966
0.744908 1965
0.744908 1964
0.744908 1963
0.744908 1962
0.744908 1961
0.744908 1960
0.744908 1959
0.744908 1958
0.744908 1957
0.744908 1956
0.744908 1955
0.744908 1954
0.744908 1953
0.744908 1952
0.744908 1951
0.744908 1950
0.744908 1949
0.744908 1948
0.744908 1947
0.744908 1946
0.744908 1945
0.744908 1944
0.744908 1943
0.744908 1942
0.744908 1941
0.744908 1940
0.744908 1939
0.744908 1938
0.744908 1937
0.744908 1936
0.744908 1935
0.744908 1934
0.744908 1933
0.744908 1932
0.744908 1931
0.744908 1930
0.744908 1929
0.744908 1928
0.744908 1927
0.744908 1926
0.744908 1925
0.744908 1924
0.744908 1923
0.744908 1922
0.74479 1922
0.74479 1921
0.74479 1920
0.74479 1919
0.74479 1918
0.74479 1917
0.74479 1916
0.74479 1915
0.74479 1914
0.74479 1913
0.74479 1912
0.74479 1911
0.74479 1910
0.74479 1909
0.74479 1908
0.74479 1907
0.74479 1906
0.74479 1905
0.74479 1904
0.74479 1903
0.74479 1902
0.74479 1901
0.74479 1900
0.74479 1899
0.74479 1898
0.74479 1897
0.74479 1896
0.74479 1895
0.74479 1894
0.74479 1893
0.74479 1892
0.74479 1891
0.74479 1890
0.74479 1889
0.74479 1888
0.74479 1887
0.74479 1886
0.74479 1885
0.74479 1884
0.74479 1883
0.74479 1882
0.74479 1881
0.74479 1880
0.74479 1879
0.74479 1878
0.74479 1877
0.74479 1876
0.74479 1875
0.74479 1874
0.74479 1873
0.74479 1872
0.74479 1871
0.74479 1870
0.74479 1869
0.74479 1868
0.74479 1867
0.74479 1866
0.74479 1865
0.74479 1864
0.74479 1863
0.74479 1862
0.74479 1861
0.74479 1860
0.74479 1859
0.74479 1858
0.74479 1857
0.74479 1856
0.74479 1855
0.74479 1854
0.74479 1853
0.74479 1852
0.74479 1851
0.74479 1850
0.74479 1849
0.74479 1848
0.74479 1847
0.74479 1846
0.74479 1845
0.744716 1844
0.744716 1843
0.744716 1842
0.744716 1841
0.744716 1840
0.744716 1839
0.744716 1838
0.744716 1837
0.744716 1836
0.744716 1835
0.744716 1834
0.744716 1833
0.744716 1832
0.744716 1831
0.744716 1830
0.744716 1829
0.744716 1828
0.744716 1827
0.744716 1826
0.744716 1825
0.744716 1824
0.744716 1823
0.744716 1822
0.744716 1821
0.744716 1820
0.744716 1819
0.744716 1818
0.744716 1817
0.744716 1816
0.744716 1815
0.744716 1814
0.744716 1813
0.744716 1812
0.744716 1811
0.744716 1810
0.744716 1809
0.744716 1808
0.744716 1807
0.744716 1806
0.744716 1805
0.744574 1805
0.744574 1804
0.744574 1803
0.744574 1802
0.744574 1801
0.744574 1800
0.744574 1799
0.744574 1798
0.744574 1797
0.744574 1796
0.744574 1795
0.744574 1794
0.744574 1793
0.744574 1792
0.744574 1791
0.744574 1790
0.744574 1789
0.744574 1788
0.744574 1787
0.744574 1786
0.744574 1785
0.744574 1784
0.744574 1783
0.744574 1782
0.744574 1781
0.744574 1780
0.744574 1779
0.744574 1778
0.744574 1777
0.744574 1776
0.744574 1775
0.744455 1775
0.744455 1774
0.744455 1773
0.744455 1772
0.744455 1771
0.744455 1770
0.744455 1769
0.744455 1768
0.744455 1767
0.744455 1766
0.744324 1766
0.744324 1765
0.744324 1764
0.744324 1763
0.744324 1762
0.744324 1761
0.744324 1760
0.744324 1759
0.744324 1758
0.744324 1757
0.744214 1757
0.744214 1756
0.744214 1755
0.744214 1754
0.744214 1753
0.744214 1752
0.744214 1751
0.744214 1750
0.744214 1749
0.744214 1748
0.744214 1747
0.744214 1746
0.744214 1745
0.744214 1744
0.744214 1743
0.744214 1742
0.744214 1741
0.744214 1740
0.744214 1739
0.744214 1738
0.744214 1737
0.744214 1736
0.744214 1735
0.744214 1734
0.744214 1733
0.744214 1732
0.74413 1731
0.74413 1730
0.74413 1729
0.74413 1728
0.74413 1727
0.74413 1726
0.74413 1725
0.744002 1725
0.744002 1724
0.744002 1723
0.744002 1722
0.744002 1721
0.744002 1720
0.744002 1719
0.744002 1718
0.744002 1717
0.744002 1716
0.744002 1715
0.743935 1714
0.743935 1713
0.743935 1712
0.743935 1711
0.743935 1710
0.743935 1709
0.743935 1708
0.743935 1707
0.743935 1706
0.743935 1705
0.743935 1704
0.743935 1703
0.743935 1702
0.743935 1701
0.743935 1700
0.743935 1699
0.743935 1698
0.743935 1697
0.743935 1696
0.743935 1695
0.743935 1694
0.743935 1693
0.743935 1692
0.743935 1691
0.743935 1690
0.743935 1689
0.743935 1688
0.743935 1687
0.743935 1686
0.743935 1685
0.743935 1684
0.743935 1683
0.743935 1682
0.743935 1681
0.743935 1680
0.743935 1679
0.743935 1678
0.743935 1677
0.743935 1676
0.743935 1675
0.743935 1674
0.743935 1673
0.743935 1672
0.743935 1671
0.743935 1670
0.743935 1669
0.743935 1668
0.743935 1667
0.743935 1666
0.743935 1665
0.743935 1664
0.743935 1663
0.743935 1662
0.743825 1662
0.743825 1661
0.743825 1660
0.743825 1659
0.743825 1658
0.743825 1657
0.743825 1656
0.743825 1655
0.743825 1654
0.743825 1653
0.743825 1652
0.743825 1651
0.743825 1650
0.743825 1649
0.743825 1648
0.743825 1647
0.743825 1646
0.743825 1645
0.743825 1644
0.743825 1643
0.743825 1642
0.743825 1641
0.743825 1640
0.743825 1639
0.743825 1638
0.743825 1637
0.743825 1636
0.743825 1635
0.743825 1634
0.743825 1633
0.743825 1632
0.743825 1631
0.743825 1630
0.743815 1629
0.743815 1628
0.743815 1627
0.743815 1626
0.743815 1625
0.743815 1624
0.743815 1623
0.743815 1622
0.743815 1621
0.743815 1620
0.743815 1619
0.743815 1618
0.743734 1617
0.743734 1616
0.743734 1615
0.743734 1614
0.743734 1613
0.743734 1612
0.743734 1611
0.743734 1610
0.743734 1609
0.743734 1608
0.743734 1607
0.743734 1606
0.743734 1605
0.743734 1604
0.743734 1603
0.743734 1602
0.743734 1601
0.743734 1600
0.743734 1599
0.743734 1598
0.743594 1598
0.743594 1597
0.743594 1596
0.743594 1595
0.743594 1594
0.743594 1593
0.743594 1592
0.743594 1591
0.743594 1590
0.743594 1589
0.743594 1588
0.743594 1587
0.743594 1586
0.743594 1585
0.743594 1584
0.743594 1583
0.743594 1582
0.743594 1581
0.743594 1580
0.743594 1579
0.743594 1578
0.743594 1577
0.743594 1576
0.743594 1575
0.743594 1574
0.743594 1573
0.743594 1572
0.743594 1571
0.743594 1570
0.743594 1569
0.743594 1568
0.743594 1567
0.743438 1567
0.743438 1566
0.743438 1565
0.743438 1564
0.743438 1563
0.743438 1562
0.743438 1561
0.743438 1560
0.743438 1559
0.743363 1558
0.743363 1557
0.743363 1556
0.743363 1555
0.743363 1554
0.743363 1553
0.743363 1552
0.743363 1551
0.743363 1550
0.743363 1549
0.743363 1548
0.743363 1547
0.743363 1546
0.743363 1545
0.743363 1544
0.743363 1543
0.743363 1542
0.743363 1541
0.743363 1540
0.743363 1539
0.743363 1538
0.743363 1537
0.743363 1536
0.743363 1535
0.743363 1534
0.743363 1533
0.743228 1533
0.743228 1532
0.743228 1531
0.743228 1530
0.743108 1530
0.743108 1529
0.743014 1528
0.743014 1527
0.743014 1526
0.743014 1525
0.743014 1524
0.743014 1523
0.743014 1522
0.743014 1521
0.743014 1520
0.743014 1519
0.743014 1518
0.743014 1517
0.743014 1516
0.743014 1515
0.743014 1514
0.743014 1513
0.743014 1512
0.743014 1511
0.743014 1510
0.743014 1509
0.743014 1508
0.743014 1507
0.743014 1506
0.743014 1505
0.743014 1504
0.743014 1503
0.743014 1502
0.743014 1501
0.743014 1500
0.743014 1499
0.743014 1498
0.743014 1497
0.743014 1496
0.743014 1495
0.743014 1494
0.743014 1493
0.743014 1492
0.743014 1491
0.743014 1490
0.743014 1489
0.743014 1488
0.743014 1487
0.743014 1486
0.743014 1485
0.743014 1484
0.743014 1483
0.742898 1483
0.742898 1482
0.742898 1481
0.742898 1480
0.742898 1479
0.742898 1478
0.742898 1477
0.742898 1476
0.742898 1475
0.742898 1474
0.742898 1473
0.742868 1472
0.742868 1471
0.742868 1470
0.742868 1469
0.742868 1468
0.742868 1467
0.742868 1466
0.742727 1466
0.742727 1465
0.742727 1464
0.742727 1463
0.742727 1462
0.742727 1461
0.742727 1460
0.742727 1459
0.742727 1458
0.742727 1457
0.742727 1456
0.742727 1455
0.742727 1454
0.742727 1453
0.742727 1452
0.742727 1451
0.742727 1450
0.742727 1449
0.742727 1448
0.742727 1447
0.742727 1446
0.742727 1445
0.742727 1444
0.742727 1443
0.742727 1442
0.742727 1441
0.742727 1440
0.742727 1439
0.742727 1438
0.742727 1437
0.742727 1436
0.742727 1435
0.742727 1434
0.742727 1433
0.742727 1432
0.742727 1431
0.742727 1430
0.742727 1429
0.742727 1428
0.742727 1427
0.742727 1426
0.742727 1425
0.742727 1424
0.742727 1423
0.742727 1422
0.742727 1421
0.742727 1420
0.742727 1419
0.742727 1418
0.742727 1417
0.742727 1416
0.742727 1415
0.742727 1414
0.742727 1413
0.742727 1412
0.742727 1411
0.742727 1410
0.742599 1410
0.742599 1409
0.742599 1408
0.742599 1407
0.742478 1407
0.742478 1406
0.742478 1405
0.742478 1404
0.742478 1403
0.742478 1402
0.742478 1401
0.742358 1401
0.742358 1400
0.742358 1399
0.742358 1398
0.742358 1397
0.742358 1396
0.742273 1395
0.742273 1394
0.742273 1393
0.742273 1392
0.742273 1391
0.742273 1390
0.742273 1389
0.742273 1388
0.742273 1387
0.742273 1386
0.742273 1385
0.742273 1384
0.742273 1383
0.742273 1382
0.742273 1381
0.742273 1380
0.742273 1379
0.742136 1379
0.742136 1378
0.742136 1377
0.742136 1376
0.742136 1375
0.742136 1374
0.742136 1373
0.742136 1372
0.742136 1371
0.742136 1370
0.742136 1369
0.742136 1368
0.742136 1367
0.742136 1366
0.742136 1365
0.742136 1364
0.742136 1363
0.742136 1362
0.742136 1361
0.742136 1360
0.742136 1359
0.742136 1358
0.742136 1357
0.742136 1356
0.742136 1355
0.742136 1354
0.742136 1353
0.742136 1352
0.742136 1351
0.74199 1351
0.74199 1350
0.74199 1349
0.74199 1348
0.74199 1347
0.74199 1346
0.74199 1345
0.74199 1344
0.74199 1343
0.74199 1342
0.74199 1341
0.74199 1340
0.74199 1339
0.74199 1338
0.74199 1337
0.74199 1336
0.74199 1335
0.74199 1334
0.74199 1333
0.74199 1332
0.74199 1331
0.74199 1330
0.74199 1329
0.74199 1328
0.74199 1327
0.74199 1326
0.74199 1325
0.74199 1324
0.74199 1323
0.74199 1322
0.74199 1321
0.74199 1320
0.74199 1319
0.74199 1318
0.74199 1317
0.74199 1316
0.74199 1315
0.74199 1314
0.74199 1313
0.74199 1312
0.74199 1311
0.74199 1310
0.741839 1310
0.741839 1309
0.741839 1308
0.741839 1307
0.741839 1306
0.741839 1305
0.741839 1304
0.741839 1303
0.741839 1302
0.741839 1301
0.741839 1300
0.741839 1299
0.74182 1298
0.74182 1297
0.74182 1296
0.74182 1295
0.74182 1294
0.74182 1293
0.74182 1292
0.74182 1291
0.74182 1290
0.74182 1289
0.74182 1288
0.74182 1287
0.74182 1286
0.74182 1285
0.74182 1284
0.74182 1283
0.74182 1282
0.74182 1281
0.74182 1280
0.74182 1279
0.74182 1278
0.741724 1277
0.741724 1276
0.741724 1275
0.741724 1274
0.741724 1273
0.741724 1272
0.741724 1271
0.741724 1270
0.741724 1269
0.741724 1268
0.741724 1267
0.741724 1266
0.741724 1265
0.741724 1264
0.741724 1263
0.741724 1262
0.741575 1262
0.741575 1261
0.741575 1260
0.741575 1259
0.741575 1258
0.741575 1257
0.741575 1256
0.741575 1255
0.741575 1254
0.741575 1253
0.741575 1252
0.741575 1251
0.741575 1250
0.741575 1249
0.741575 1248
0.741575 1247
0.741575 1246
0.741575 1245
0.741575 1244
0.741575 1243
0.741575 1242
0.741575 1241
0.741575 1240
0.741575 1239
0.741575 1238
0.741575 1237
0.741575 1236
0.741575 1235
0.741449 1235
0.741449 1234
0.741449 1233
0.741449 1232
0.741449 1231
0.741449 1230
0.741449 1229
0.741449 1228
0.741449 1227
0.741449 1226
0.741372 1225
0.741365 1224
0.741365 1223
0.741365 1222
0.741365 1221
0.741365 1220
0.741365 1219
0.741365 1218
0.741365 1217
0.741233 1217
0.741233 1216
0.741233 1215
0.741233 1214
0.741233 1213
0.741233 1212
0.741233 1211
0.741233 1210
0.741233 1209
0.741098 1209
0.741095 1208
0.741095 1207
0.741095 1206
0.741095 1205
0.741095 1204
0.741095 1203
0.741095 1202
0.741095 1201
0.741095 1200
0.741095 1199
0.741095 1198
0.741095 1197
0.741095 1196
0.741095 1195
0.741095 1194
0.741095 1192
0.741095 1191
0.741095 1190
0.741095 1189
0.741095 1188
0.741095 1187
0.741095 1186
0.741095 1185
0.741095 1184
0.741095 1183
0.741095 1182
0.741095 1181
0.741095 1180
0.741095 1178
0.741095 1177
0.741095 1176
0.741095 1175
0.740947 1175
0.740947 1174
0.740947 1173
0.740947 1172
0.740947 1171
0.740947 1170
0.740947 1169
0.740947 1168
0.740947 1167
0.740947 1166
0.740947 1165
0.740947 1164
0.740947 1163
0.740947 1162
0.740947 1161
0.740947 1160
0.740947 1159
0.740947 1158
0.740947 1157
0.740947 1156
0.740947 1155
0.740947 1154
0.740947 1153
0.740947 1152
0.740947 1151
0.740799 1151
0.740799 1150
0.740799 1149
0.740799 1148
0.740799 1147
0.740799 1146
0.740799 1145
0.740799 1144
0.740799 1143
0.740799 1142
0.740799 1141
0.740799 1140
0.740669 1140
0.740669 1139
0.740669 1138
0.740669 1137
0.740669 1136
0.740669 1135
0.740669 1134
0.740669 1133
0.740669 1132
0.740669 1131
0.740519 1131
0.740519 1130
0.740519 1129
0.740519 1128
0.740519 1127
0.740519 1126
0.740519 1125
0.740519 1124
0.740519 1123
0.740519 1122
0.740519 1121
0.740519 1120
0.740519 1119
0.740519 1118
0.740519 1117
0.740519 1116
0.740519 1115
0.740406 1115
0.740406 1114
0.740406 1113
0.740406 1112
0.740406 1111
0.740406 1110
0.740406 1109
0.740406 1108
0.740406 1107
0.740406 1106
0.740406 1105
0.740406 1104
0.740406 1103
0.740406 1102
0.740406 1101
0.740406 1100
0.740406 1099
0.740406 1098
0.740406 1097
0.740406 1096
0.740406 1095
0.740406 1094
0.740406 1093
0.740406 1092
0.740406 1091
0.740406 1090
0.740406 1089
0.740406 1088
0.740288 1088
0.740288 1087
0.740288 1086
0.740288 1085
0.740288 1084
0.740288 1083
0.740288 1082
0.740161 1082
0.740161 1081
0.740161 1080
0.740161 1079
0.740161 1078
0.74002 1078
0.74002 1077
0.74002 1076
0.74002 1075
0.74002 1074
0.74002 1073
0.74002 1072
0.74002 1071
0.74002 1070
0.74002 1069
0.74002 1068
0.74002 1067
0.74002 1066
0.739883 1066
0.739883 1065
0.739883 1064
0.739883 1063
0.739883 1062
0.73982 1061
0.73982 1060
0.73982 1059
0.73982 1058
0.739664 1058
0.739638 1057
0.739638 1056
0.739638 1055
0.739638 1054
0.739638 1053
0.739638 1052
0.739638 1051
0.739638 1050
0.739638 1049
0.739638 1048
0.739493 1048
0.739493 1047
0.739349 1047
0.739349 1046
0.739349 1045
0.739349 1044
0.739349 1043
0.739349 1042
0.739349 1041
0.739349 1040
0.739349 1039
0.739349 1038
0.739349 1037
0.739349 1036
0.739349 1035
0.739349 1034
0.739349 1033
0.739349 1032
0.739349 1031
0.739349 1030
0.739349 1029
0.739349 1028
0.739349 1027
0.739349 1026
0.739349 1025
0.739349 1024
0.739349 1023
0.739349 1022
0.739349 1021
0.739349 1020
0.739349 1019
0.739214 1019
0.739214 1018
0.739214 1017
0.739214 1016
0.739214 1015
0.739214 1014
0.739214 1013
0.739214 1012
0.739214 1011
0.739214 1010
0.739214 1009
0.739214 1008
0.739214 1007
0.739214 1006
0.739214 1005
0.739214 1004
0.739214 1003
0.739214 1002
0.739095 1002
0.739095 1001
0.739095 1000
0.739095 999
0.739095 998
0.739095 997
0.739095 996
0.739095 995
0.738959 995
0.738959 994
0.738959 993
0.738959 992
0.738959 991
0.738959 990
0.738959 989
0.738959 988
0.738959 987
0.738959 986
0.738959 985
0.738959 984
0.738959 983
0.738959 982
0.738959 981
0.73881 981
0.73881 980
0.73881 979
0.73881 978
0.73881 977
0.73881 976
0.73881 975
0.738702 975
0.738586 975
0.738586 974
0.738586 973
0.738586 972
0.738586 971
0.738586 970
0.738586 969
0.738586 968
0.738586 967
0.738493 966
0.738372 966
0.738372 965
0.738372 964
0.738372 963
0.738372 962
0.738372 961
0.738277 960
0.738277 959
0.738277 958
0.738277 957
0.738277 956
0.738277 955
0.738277 954
0.738277 953
0.738277 952
0.738277 951
0.738277 950
0.738277 949
0.738277 948
0.738277 947
0.738277 946
0.738277 945
0.738146 945
0.738146 944
0.738146 943
0.738146 942
0.738146 941
0.738146 940
0.738146 939
0.738146 938
0.738146 937
0.738146 936
0.738146 935
0.738146 934
0.738146 933
0.738146 932
0.738125 931
0.738125 930
0.738005 930
0.738005 929
0.738005 928
0.738005 927
0.738005 926
0.738005 925
0.738005 924
0.738005 923
0.738005 922
0.737888 922
0.737888 921
0.737888 920
0.737888 919
0.737888 918
0.737888 917
0.737888 916
0.737888 915
0.737888 914
0.737774 914
0.737774 913
0.737774 912
0.737774 911
0.737774 910
0.737774 909
0.737626 909
0.737626 908
0.737626 907
0.737626 906
0.737626 905
0.737626 904
0.737626 903
0.737626 902
0.737626 901
0.737626 900
0.737626 899
0.737511 899
0.737511 898
0.737511 897
0.737511 896
0.737511 895
0.737511 894
0.737511 893
0.737511 892
0.737511 891
0.737511 890
0.737511 889
0.737511 888
0.737511 887
0.737511 886
0.737511 885
0.737511 884
0.737511 883
0.737511 882
0.737511 881
0.737511 880
0.737511 879
0.737511 878
0.737511 877
0.737511 876
0.737511 875
0.737511 874
0.737511 873
0.737511 872
0.737511 871
0.737511 870
0.737511 869
0.737511 868
0.737511 867
0.737511 866
0.737511 865
0.737511 864
0.737511 863
0.737511 862
0.737511 861
0.737511 860
0.737511 859
0.737511 858
0.737508 857
0.737508 856
0.737508 855
0.737508 854
0.737508 853
0.737508 852
0.737508 851
0.737508 850
0.737508 849
0.737508 848
0.737508 847
0.737508 846
0.737508 845
0.737508 844
0.737508 843
0.737508 842
0.737508 841
0.737508 840
0.737508 839
0.737508 838
0.737508 837
0.737388 837
0.737388 836
0.737388 835
0.737388 834
0.737388 833
0.737388 832
0.737388 831
0.737388 830
0.737388 829
0.737388 828
0.737388 827
0.737388 826
0.737388 825
0.737388 824
0.737388 823
0.737388 822
0.737388 821
0.737388 820
0.737388 819
0.737388 818
0.737388 817
0.737388 816
0.737388 815
0.737388 814
0.737287 814
0.737287 813
0.737287 812
0.737287 811
0.737143 811
0.737143 810
0.737143 809
0.737143 808
0.737143 807
0.737143 806
0.737143 805
0.737143 804
0.737143 803
0.737143 802
0.737143 801
0.737143 800
0.737143 799
0.737043 799
0.737043 798
0.737043 797
0.736899 797
0.736899 796
0.736899 795
0.736785 795
0.736785 794
0.736785 793
0.736785 792
0.736785 791
0.736785 790
0.736654 790
0.736654 789
0.736654 788
0.736654 787
0.736654 786
0.736556 786
0.736556 785
0.736556 784
0.736556 783
0.736556 782
0.736556 781
0.736419 781
0.736419 780
0.736419 779
0.736419 778
0.736419 777
0.736419 776
0.736419 775
0.736419 774
0.736419 773
0.736419 772
0.736419 771
0.736419 770
0.736419 769
0.736419 768
0.736419 767
0.736419 766
0.736419 765
0.736419 764
0.736419 763
0.736419 762
0.736419 761
0.736419 760
0.736419 759
0.736419 758
0.736419 757
0.736332 756
0.736332 755
0.736332 754
0.736332 753
0.736332 752
0.736332 751
0.736332 750
0.736332 749
0.736332 748
0.736332 747
0.736332 746
0.736332 745
0.736332 744
0.736332 743
0.736332 742
0.736332 741
0.736186 741
0.736186 740
0.736186 739
0.736186 738
0.736186 737
0.736186 736
0.736186 735
0.736186 734
0.736186 733
0.736186 732
0.736186 731
0.736186 730
0.736186 729
0.736041 729
0.735907 729
0.735907 728
0.735752 728
0.735752 727
0.735752 726
0.735737 725
0.735737 724
0.735737 722
0.735737 721
0.735737 720
0.735737 719
0.735737 718
0.735737 717
0.735737 716
0.735737 715
0.73558 715
0.73558 714
0.73558 713
0.73558 712
0.73558 711
0.73558 710
0.73558 709
0.73558 708
0.73543 708
0.73543 707
0.73543 706
0.735288 706
0.735288 705
0.735288 704
0.735288 703
0.735288 702
0.735288 701
0.735283 700
0.735218 699
0.735218 698
0.735218 697
0.735091 697
0.735091 696
0.735091 695
0.735091 694
0.735091 693
0.735091 692
0.735091 691
0.735091 690
0.735091 689
0.735091 688
0.735091 687
0.735091 686
0.735091 685
0.734956 685
0.734956 684
0.734956 683
0.734956 682
0.734956 681
0.734956 680
0.734956 679
0.734956 678
0.734956 677
0.734956 676
0.734956 675
0.734956 674
0.734956 673
0.734956 672
0.734956 671
0.734956 670
0.734956 669
0.734956 668
0.734956 667
0.734956 666
0.734956 665
0.734956 664
0.734956 663
0.734956 662
0.734956 661
0.734956 660
0.734956 659
0.734956 658
0.734956 657
0.734956 656
0.734956 655
0.734956 654
0.734956 653
0.734956 652
0.73482 652
0.73482 651
0.73482 650
0.73482 649
0.73482 648
0.73482 647
0.73482 646
0.73482 645
0.7347 645
0.7347 644
0.7347 643
0.734562 643
0.734562 642
0.734562 641
0.734562 640
0.734562 639
0.734562 638
0.734562 637
0.734421 637
0.734421 636
0.734421 635
0.734421 634
0.734419 633
0.734419 632
0.734419 631
0.734419 630
0.734419 629
0.734419 628
0.734419 627
0.734419 626
0.734269 626
0.734269 625
0.734269 624
0.734269 623
0.734269 622
0.734269 621
0.734269 620
0.734269 619
0.734106 619
0.734106 618
0.734106 617
0.734106 616
0.734106 615
0.734106 614
0.73396 614
0.73396 613
0.733955 612
0.733955 611
0.733955 610
0.733955 609
0.733955 608
0.733955 607
0.733955 606
0.733806 606
0.733654 606
0.733654 605
0.733654 604
0.733654 603
0.733654 602
0.733654 601
0.733654 600
0.733654 599
0.733654 598
0.733654 597
0.733654 596
0.733521 596
0.733521 595
0.733406 595
0.733406 594
0.733406 593
0.733406 592
0.733406 591
0.733406 590
0.733406 589
0.733406 588
0.733406 587
0.733406 586
0.733406 585
0.733406 584
0.733406 583
0.733406 582
0.733406 581
0.733406 580
0.733406 579
0.733406 578
0.733406 577
0.733406 576
0.733406 575
0.733406 574
0.733406 573
0.733406 572
0.733406 571
0.733311 570
0.733311 569
0.733311 568
0.733311 567
0.733311 566
0.733311 565
0.733311 564
0.733311 563
0.733311 562
0.733311 561
0.733187 561
0.733029 561
0.733029 560
0.733029 559
0.733029 558
0.732888 558
0.732888 557
0.732888 556
0.732888 555
0.732888 554
0.732888 553
0.732888 552
0.732739 552
0.732739 551
0.732587 551
0.732587 550
0.732455 550
0.732455 549
0.732455 548
0.732455 547
0.732314 547
0.732314 546
0.732314 545
0.732205 545
0.732086 545
0.732086 544
0.732086 543
0.731991 542
0.731991 541
0.731991 540
0.731991 539
0.731991 538
0.731991 537
0.731991 536
0.731991 535
0.731991 534
0.731991 533
0.731991 532
0.731991 531
0.731991 530
0.731991 529
0.731991 528
0.731991 527
0.731991 526
0.731991 525
0.731991 524
0.731834 524
0.731834 523
0.731834 522
0.731834 521
0.731704 521
0.731572 521
0.731571 520
0.731431 520
0.731431 519
0.731431 518
0.731431 517
0.731431 516
0.731311 516
0.731311 515
0.731311 514
0.731311 513
0.731311 512
0.731311 511
0.731311 510
0.731311 509
0.731311 508
0.731311 507
0.731311 506
0.731217 505
0.731217 504
0.731217 503
0.731217 502
0.731217 501
0.731217 500
0.731217 499
0.731217 498
0.731052 498
0.730924 498
0.730924 497
0.730924 496
0.730924 495
0.730784 495
0.730784 494
0.730784 493
0.730784 492
0.730784 491
0.730784 490
0.730784 489
0.730784 488
0.730784 487
0.730784 486
0.730784 485
0.730637 485
0.730529 485
0.730529 484
0.730529 483
0.730529 482
0.730372 482
0.730372 481
0.730372 480
0.730209 480
0.730209 479
0.730209 478
0.730209 477
0.730193 476
0.730193 475
0.730193 474
0.730193 473
0.730193 472
0.730193 471
0.730193 470
0.730193 469
0.730071 469
0.730071 468
0.730071 467
0.730071 466
0.730071 465
0.729923 465
0.729795 465
0.729795 464
0.729795 463
0.729795 462
0.729795 461
0.729795 460
0.729795 459
0.729795 458
0.729795 457
0.729795 456
0.729795 455
0.729795 454
0.729727 453
0.729727 452
0.729727 451
0.729727 450
0.729671 449
0.729565 449
0.729565 448
0.729442 448
0.729442 447
0.729291 447
0.729143 447
0.729143 446
0.729143 445
0.729143 444
0.728995 444
0.728995 443
0.728995 442
0.728847 442
0.728847 441
0.728847 440
0.728847 439
0.728847 438
0.728847 437
0.728759 436
0.728759 435
0.728759 434
0.728759 433
0.728759 432
0.728759 431
0.728759 430
0.728759 429
0.728759 428
0.728631 428
0.728631 427
0.728631 426
0.728631 425
0.728631 424
0.728631 423
0.728631 422
0.728517 422
0.728419 422
0.728419 421
0.728419 420
0.728419 419
0.728419 418
0.728419 417
0.728419 416
0.728419 415
0.728419 414
0.728419 413
0.728419 412
0.728419 411
0.728419 410
0.728419 409
0.728419 408
0.728419 407
0.728419 406
0.728317 406
0.728317 405
0.728219 405
0.728219 404
0.728219 403
0.728087 403
0.728087 402
0.728087 401
0.728087 400
0.728087 399
0.728087 398
0.728087 397
0.728087 396
0.728087 395
0.728087 394
0.727954 394
0.727829 394
0.727829 393
0.727829 392
0.727829 391
0.727829 390
0.727829 389
0.727829 388
0.727829 387
0.727829 386
0.727829 385
0.727829 384
0.727829 383
0.727829 382
0.727829 381
0.727829 380
0.727829 379
0.727829 378
0.727829 377
0.727829 376
0.727829 375
0.727694 375
0.727694 374
0.727694 373
0.727578 373
0.727578 372
0.727578 371
0.727578 370
0.727448 370
0.727448 369
0.727448 368
0.727448 367
0.727448 366
0.727448 365
0.727448 364
0.727448 363
0.727448 362
0.727448 361
0.727448 360
0.727448 359
0.727448 358
0.727301 358
0.727154 358
0.727154 357
0.727013 357
0.727013 356
0.727013 355
0.726862 355
0.726716 355
0.726716 354
0.726716 353
0.726716 352
0.726716 351
0.726716 350
0.726716 349
0.726716 348
0.72661 348
0.72661 347
0.72661 346
0.726489 346
0.726489 345
0.726373 345
0.726248 345
0.726248 344
0.726248 343
0.726248 342
0.726248 341
0.726127 341
0.726127 340
0.726127 339
0.725994 339
0.725994 338
0.725994 337
0.725994 336
0.725911 335
0.725911 334
0.725911 333
0.725911 332
0.725911 331
0.725911 330
0.72577 330
0.725634 330
0.725634 329
0.725517 329
0.725517 328
0.725398 328
0.725255 328
0.725255 327
0.725255 326
0.725106 326
0.725106 325
0.724982 325
0.724982 324
0.724982 323
0.724982 322
0.724856 322
0.724856 321
0.724856 320
0.724856 319
0.724856 318
0.724732 318
0.724732 317
0.724732 316
0.724732 315
0.724732 314
0.724732 313
0.724732 312
0.724605 312
0.724605 311
0.724605 310
0.72452 309
0.72452 308
0.724387 308
0.724387 307
0.724387 306
0.724387 305
0.724387 304
0.724387 303
0.724387 302
0.72426 302
0.724136 302
0.724136 301
0.724136 300
0.724136 299
0.723993 299
0.723993 298
0.723993 297
0.723871 297
0.723871 296
0.723871 295
0.723714 295
0.723714 294
0.723714 293
0.723714 292
0.723714 291
0.723714 290
0.723569 290
0.723569 289
0.723431 289
0.723431 288
0.723339 287
0.723339 286
0.723213 286
0.723213 285
0.723213 284
0.723063 284
0.723063 283
0.723063 282
0.723063 281
0.723063 280
0.723063 279
0.722956 279
0.722809 279
0.722669 279
0.722515 279
0.722515 278
0.722515 277
0.722515 276
0.72236 276
0.722239 276
0.722235 275
0.722235 274
0.722109 274
0.722109 273
0.722109 272
0.722109 271
0.721989 271
0.721989 270
0.721989 269
0.721989 268
0.721843 268
0.721843 267
0.721691 267
0.721691 266
0.721544 266
0.721533 265
0.721533 264
0.721386 264
0.721256 264
0.721256 263
0.721256 262
0.721122 262
0.721122 261
0.721122 260
0.720975 260
0.720834 260
0.720834 259
0.720834 258
0.720834 257
0.720697 257
0.720697 256
0.720575 256
0.720563 255
0.720563 254
0.720411 254
0.720411 253
0.720411 252
0.720411 251
0.720268 251
0.720268 250
0.720268 249
0.720268 248
0.720268 247
0.72014 247
0.72014 246
0.72014 245
0.72014 244
0.720003 244
0.719856 244
0.71971 244
0.71971 243
0.719558 243
0.719408 243
0.719408 242
0.719408 241
0.719408 240
0.719408 239
0.719408 238
0.719408 237
0.719408 236
0.719294 236
0.719294 235
0.719294 234
0.719294 233
0.719294 232
0.719169 232
0.719015 232
0.718893 232
0.718893 231
0.718764 231
0.718764 230
0.718764 229
0.718764 228
0.718764 227
0.718764 226
0.718646 226
0.718645 225
0.718645 224
0.718645 223
0.718645 222
0.71853 222
0.71853 221
0.71853 220
0.71853 219
0.71853 218
0.71853 217
0.71853 216
0.718383 216
0.718256 216
0.718096 216
0.71798 216
0.71798 215
0.71798 214
0.71798 213
0.71798 212
0.71798 211
0.71798 210
0.71798 209
0.717826 209
0.717826 208
0.717826 207
0.717826 206
0.717729 205
0.717729 204
0.717585 204
0.717585 203
0.717585 202
0.717585 201
0.717464 201
0.717464 200
0.717464 199
0.717464 198
0.717309 198
0.717181 198
0.717181 197
0.717029 197
0.716887 197
0.716748 197
0.716594 197
0.716476 197
0.716349 197
0.716349 196
0.716349 195
0.716207 195
0.716207 194
0.716207 193
0.716074 193
0.716074 192
0.715938 192
0.715938 191
0.715791 191
0.715791 190
0.715641 190
0.715641 189
0.715641 188
0.715641 187
0.715504 187
0.715504 186
0.715376 186
0.715376 185
0.715238 185
0.715142 184
0.71501 184
0.71501 183
0.71501 182
0.71501 181
0.714886 181
0.714886 180
0.714737 180
0.714737 179
0.714737 178
0.714575 178
0.714469 178
0.714469 177
0.714221 177
0.714069 177
0.714069 176
0.714069 175
0.714069 174
0.714069 173
0.714069 172
0.713915 172
0.713915 171
0.71379 171
0.713757 170
0.713608 170
0.713525 169
0.713375 169
0.713235 169
0.71308 169
0.712946 169
0.712789 169
0.712789 168
0.712789 167
0.712651 167
0.712524 167
0.712524 166
0.712524 165
0.712524 164
0.712404 164
0.712284 164
0.712129 164
0.712129 163
0.711969 163
0.71182 163
0.71182 162
0.71182 161
0.71167 161
0.711521 161
0.711355 161
0.711355 160
0.71124 160
0.711086 160
0.710942 160
0.710942 159
0.710793 159
0.710793 158
0.710649 158
0.710649 157
0.710509 157
0.710509 156
0.710386 156
0.710386 155
0.710283 155
0.710122 155
0.709973 155
0.709973 154
0.709847 154
0.709703 154
0.709568 154
0.709568 153
0.709408 153
0.709281 153
0.709281 152
0.709173 152
0.709067 152
0.709067 151
0.709067 150
0.708923 150
0.708823 150
0.708717 150
0.708583 150
0.708437 150
0.708321 150
0.708191 150
0.708054 150
0.708054 149
0.708054 148
0.707911 148
0.707911 147
0.707785 147
0.70765 147
0.707527 147
0.707387 147
0.707387 146
0.707387 145
0.707254 145
0.707254 144
0.707121 144
0.707121 143
0.706992 143
0.706992 142
0.70688 142
0.706746 142
0.706614 142
0.706499 142
0.706499 141
0.706499 140
0.706499 139
0.706499 138
0.706345 138
0.706201 138
0.706057 138
0.705938 138
0.705938 137
0.705798 137
0.705798 136
0.705798 135
0.705798 134
0.705645 134
0.705509 134
0.705509 133
0.705386 133
0.705386 132
0.705386 131
0.705386 130
0.705386 129
0.705386 128
0.705246 128
0.705091 128
0.704951 128
0.704793 128
0.704793 127
0.704689 127
0.704689 126
0.704554 126
0.704417 126
0.704292 126
0.704292 125
0.704153 125
0.703996 125
0.703875 125
0.70374 125
0.703606 125
0.703606 124
0.703474 124
0.703326 124
0.703217 124
0.703217 123
0.703217 122
0.703217 121
0.703217 120
0.703079 120
0.703079 119
0.703079 118
0.702928 118
0.702928 117
0.702928 116
0.702775 116
0.702632 116
0.702632 115
0.702487 115
0.702357 115
0.702079 115
0.702079 114
0.701925 114
0.70177 114
0.70177 113
0.701615 113
0.701615 112
0.701615 111
0.701471 111
0.701471 110
0.701471 109
0.701471 108
0.701322 108
0.701322 107
0.701322 106
0.701175 106
0.701175 105
0.701175 104
0.701043 104
0.701043 103
0.701043 102
0.700883 102
0.700736 102
0.700588 102
0.700445 102
0.70028 102
0.700127 102
0.700127 101
0.699992 101
0.699855 101
0.699692 101
0.699692 100
0.699554 100
0.699436 100
0.699306 100
0.699168 100
0.699028 100
0.698896 100
0.698774 100
0.698625 100
0.698461 100
0.69833 100
0.69833 99
0.69833 98
0.698174 98
0.698174 97
0.698174 96
0.698174 95
0.698174 94
0.698026 94
0.698026 93
0.698026 92
0.697901 92
0.697901 91
0.697755 91
0.697616 91
0.697493 91
0.697332 91
0.697188 91
0.697051 91
0.696903 91
0.696903 90
0.696754 90
0.696635 90
0.696635 89
0.696502 89
0.696354 89
0.696215 89
0.696081 89
0.696081 88
0.695938 88
0.695792 88
0.695792 87
0.695718 86
0.695562 86
0.695549 85
0.695407 85
0.69526 85
0.695116 85
0.694957 85
0.694957 84
0.694957 83
0.694957 82
0.69481 82
0.694681 82
0.694543 82
0.694543 81
0.694413 81
0.694413 80
0.694413 79
0.694413 78
0.694262 78
0.694144 78
0.693997 78
0.693865 78
0.693719 78
0.693588 78
0.693588 77
0.693588 76
0.693431 76
0.693286 76
0.693286 75
0.693286 74
0.693154 74
0.693016 74
0.692861 74
0.692713 74
0.692578 74
0.692443 74
0.692299 74
0.692163 74
0.69202 74
0.69202 73
0.691884 73
0.691734 73
0.691632 73
0.691632 72
0.691478 72
0.691334 72
0.691334 71
0.691195 71
0.691195 70
0.69105 70
0.690902 70
0.690785 70
0.690785 69
0.690645 69
0.690511 69
0.690368 69
0.690202 69
0.690054 69
0.689912 69
0.689801 69
0.68965 69
0.689493 69
0.689493 68
0.689356 68
0.689356 67
0.689217 67
0.689217 66
0.68909 66
0.688944 66
0.688944 65
0.68878 65
0.688625 65
0.688497 65
0.688497 64
0.688342 64
0.688193 64
0.688193 63
0.688049 63
0.688049 62
0.687904 62
0.687765 62
0.687765 61
0.687622 61
0.687486 61
0.687486 60
0.687338 60
0.687179 60
0.68703 60
0.686892 60
0.686733 60
0.686588 60
0.686467 60
0.686326 60
0.686195 60
0.686048 60
0.685906 60
0.68575 60
0.685605 60
0.68548 60
0.685332 60
0.685186 60
0.685052 60
0.685052 59
0.684919 59
0.684919 58
0.684791 58
0.684641 58
0.68452 58
0.684366 58
0.684366 57
0.684236 57
0.684116 57
0.683986 57
0.683841 57
0.683682 57
0.68354 57
0.6834 57
0.6834 56
0.683253 56
0.683109 56
0.682951 56
0.682798 56
0.682658 56
0.682516 56
0.682382 56
0.682245 56
0.68209 56
0.681926 56
0.681926 55
0.681804 55
0.681667 55
0.68152 55
0.681376 55
0.681223 55
0.681061 55
0.680895 55
0.680742 55
0.680605 55
0.680605 54
0.680458 54
0.680309 54
0.680174 54
0.680028 54
0.679875 54
0.679723 54
0.679565 54
0.679565 53
0.679416 53
0.679283 53
0.679127 53
0.678996 53
0.678996 52
0.678852 52
0.678707 52
0.678558 52
0.678422 52
0.678326 51
0.678326 50
0.678199 50
0.678057 50
0.677909 50
0.677756 50
0.677756 49
0.677756 48
0.677635 48
0.677635 47
0.677497 47
0.67737 47
0.677227 47
0.677083 47
0.676937 47
0.676803 47
0.676803 46
0.67666 46
0.67666 45
0.676514 45
0.676364 45
0.676364 44
0.676218 44
0.676069 44
0.675949 44
0.675949 43
0.675843 43
0.675707 43
0.675568 43
0.675429 43
0.67527 43
0.675161 43
0.675007 43
0.674873 43
0.674721 43
0.674721 42
0.674592 42
0.674436 42
0.674302 42
0.674302 41
0.674302 40
0.67416 40
0.67416 39
0.67416 38
0.674016 38
0.67387 38
0.673725 38
0.673725 37
0.67358 37
0.673432 37
0.673278 37
0.673278 36
0.673125 36
0.673125 35
0.672961 35
0.672961 34
0.672829 34
0.6727 34
0.672547 34
0.672431 34
0.672281 34
0.672124 34
0.671989 34
0.67183 34
0.671674 34
0.67153 34
0.671425 34
0.671259 34
0.671259 33
0.671117 33
0.670959 33
0.6708 33
0.670636 33
0.670475 33
0.670325 33
0.670325 32
0.670182 32
0.670052 32
0.670052 31
0.670052 30
0.669898 30
0.669753 30
0.669601 30
0.66945 30
0.66931 30
0.669168 30
0.669041 30
0.66889 30
0.668747 30
0.668747 29
0.66861 29
0.66861 28
0.668464 28
0.668464 27
0.668339 27
0.668201 27
0.668042 27
0.667901 27
0.667748 27
0.667602 27
0.66745 27
0.6673 27
0.667145 27
0.66699 27
0.666847 27
0.666686 27
0.666523 27
0.66639 27
0.666255 27
0.666097 27
0.665978 27
0.66582 27
0.665667 27
0.665542 27
0.665408 27
0.66526 27
0.665126 27
0.664971 27
0.664835 27
0.664699 27
0.664548 27
0.664416 27
0.66428 27
0.66428 26
0.664148 26
0.664 26
0.663838 26
0.663697 26
0.663554 26
0.663401 26
0.663252 26
0.663103 26
0.662949 26
0.662801 26
0.662644 26
0.662486 26
0.662333 26
0.662188 26
0.662037 26
0.661897 26
0.661748 26
0.66159 26
0.661441 26
0.661285 26
0.661151 26
0.661006 26
0.660863 26
0.660723 26
0.660568 26
0.660448 26
0.66032 26
0.660176 26
0.660025 26
0.659872 26
0.659872 25
0.659748 25
0.659592 25
0.659592 24
0.659442 24
0.659442 23
0.659442 22
0.659442 21
0.659442 20
0.659442 19
0.659327 19
0.659182 19
0.659027 19
0.658884 19
0.658738 19
0.658604 19
0.658469 19
0.658313 19
0.658157 19
0.658006 19
0.657855 19
0.657713 19
0.65756 19
0.657418 19
0.657276 19
0.657126 19
0.65699 19
0.65699 18
0.65686 18
0.656721 18
0.656566 18
0.656419 18
0.656283 18
0.656127 18
0.65598 18
0.655843 18
0.655692 18
0.655538 18
0.655401 18
0.655244 18
0.655106 18
0.654942 18
0.654799 18
0.654643 18
0.654503 18
0.65436 18
0.65436 17
0.654203 17
0.654063 17
0.65392 17
0.653782 17
0.653613 17
0.653457 17
0.653333 17
0.65318 17
0.653032 17
0.653032 16
0.653032 15
0.652894 15
0.652739 15
0.6526 15
0.652452 15
0.652302 15
0.652162 15
0.652006 15
0.651853 15
0.65171 15
0.651565 15
0.651413 15
0.65126 15
0.651015 15
0.650906 15
0.650747 15
0.650601 15
0.650476 15
0.650335 15
0.650187 15
0.650058 15
0.649909 15
0.649761 15
0.649609 15
0.649469 15
0.649327 15
0.649185 15
0.649041 15
0.648921 15
0.64878 15
0.64878 14
0.648646 14
0.648499 14
0.64835 14
0.648192 14
0.648054 14
0.647894 14
0.647894 13
0.647754 13
0.647642 13
0.64749 13
0.647341 13
0.647222 13
0.647071 13
0.646932 13
0.646776 13
0.646776 12
0.646646 12
0.646646 11
0.646498 11
0.646356 11
0.646208 11
0.646071 11
0.645965 11
0.645812 11
0.645655 11
0.645503 11
0.645351 11
0.645205 11
0.645076 11
0.644922 11
0.644773 11
0.644642 11
0.644504 11
0.644378 11
0.644234 11
0.644084 11
0.64394 11
0.643789 11
0.643634 11
0.643486 11
0.643343 11
0.643192 11
0.643034 11
0.642914 11
0.642784 11
0.642623 11
0.642479 11
0.642322 11
0.642174 11
0.642018 11
0.641862 11
0.64172 11
0.641571 11
0.641427 11
0.641277 11
0.641132 11
0.640983 11
0.640847 11
0.640701 11
0.64054 11
0.640406 11
0.64025 11
0.640112 11
0.639964 11
0.639812 11
0.639691 11
0.639527 11
0.639527 10
0.639376 10
0.639221 10
0.639061 10
0.6389 10
0.638765 10
0.638613 10
0.638456 10
0.638321 10
0.638188 10
0.637866 10
0.637731 10
0.637575 10
0.637419 10
0.637277 10
0.637125 10
0.636975 10
0.636822 10
0.636685 10
0.636536 10
0.636395 10
0.636251 10
0.636109 10
0.635966 10
0.635839 10
0.635687 10
0.63554 10
0.635387 10
0.635231 10
0.635091 10
0.634957 10
0.634796 10
0.634663 10
0.634514 10
0.634359 10
0.634231 10
0.634092 10
0.633947 10
0.633803 10
0.633654 10
0.633506 10
0.633354 10
0.633212 10
0.633074 10
0.632928 10
0.63277 10
0.632627 10
0.632492 10
0.63237 10
0.632244 10
0.632109 10
0.631948 10
0.631803 10
0.631658 10
0.631526 10
0.631387 10
0.631244 10
0.631088 10
0.63095 10
0.630796 10
0.630665 10
0.630515 10
0.630369 10
0.63023 10
0.630075 10
0.629932 10
0.629784 10
0.629628 10
0.629475 10
0.629327 10
0.629172 10
0.629032 10
0.6289 10
0.628757 10
0.628598 10
0.628468 10
0.628313 10
0.62817 10
0.628035 10
0.627909 10
0.627759 10
0.62762 10
0.627489 10
0.627328 10
0.627328 9
0.627183 9
0.62703 9
0.62687 9
0.62672 9
0.626577 9
0.626431 9
0.626294 9
0.626177 9
0.62602 9
0.625868 9
0.625709 9
0.625562 9
0.625405 9
0.625266 9
0.625114 9
0.624955 9
0.624848 9
0.624708 9
0.624431 9
0.624291 9
0.624145 9
0.624145 8
0.623992 8
0.62385 8
0.623694 8
0.623549 8
0.623411 8
0.623308 8
0.623162 8
0.623018 8
0.622862 8
0.622707 8
0.622549 8
0.622396 8
0.62224 8
0.622095 8
0.621943 8
0.621794 8
0.621649 8
0.621486 8
0.621342 8
0.621192 8
0.621048 8
0.620904 8
0.620752 8
0.6206 8
0.620455 8
0.620305 8
0.620145 8
0.620011 8
0.619853 8
0.619713 8
0.619575 8
0.619417 8
0.619275 8
0.619124 8
0.618971 8
0.618824 8
0.618674 8
0.618522 8
0.618363 8
0.618217 8
0.618069 8
0.617921 8
0.617773 8
0.617639 8
0.617495 8
0.617345 8
0.617203 8
0.617054 8
0.616923 8
0.616765 8
0.616624 8
0.616624 7
0.616476 7
0.616335 7
0.61619 7
0.616054 7
0.615895 7
0.615759 7
0.615601 7
0.615444 7
0.615287 7
0.615159 7
0.614998 7
0.614896 7
0.614738 7
0.614592 7
0.614446 7
0.614296 7
0.614148 7
0.614015 7
0.613862 7
0.613695 7
0.613539 7
0.613367 7
0.613231 7
0.613084 7
0.612939 7
0.612802 7
0.612645 7
0.612502 7
0.612354 7
0.612198 7
0.612054 7
0.611921 7
0.611774 7
0.611617 7
0.611458 7
0.611292 7
0.611151 7
0.611009 7
0.61086 7
0.610707 7
0.610551 7
0.610406 7
0.610253 7
0.610093 7
0.609944 7
0.609805 7
0.609677 7
0.609532 7
0.609384 7
0.609239 7
0.609083 7
0.608938 7
0.608799 7
0.608799 6
0.608644 6
0.608497 6
0.608356 6
0.608198 6
0.608048 6
0.607925 6
0.607774 6
0.607647 6
0.607489 6
0.607357 6
0.607199 6
0.607042 6
0.60689 6
0.606752 6
0.606592 6
0.606435 6
0.60629 6
0.606155 6
0.606011 6
0.605873 6
0.605736 6
0.605586 6
0.605435 6
0.605272 6
0.605131 6
0.604984 6
0.604839 6
0.604679 6
0.604529 6
0.604398 6
0.604255 6
0.604101 6
0.603938 6
0.603785 6
0.603629 6
0.603474 6
0.603326 6
0.60319 6
0.603039 6
0.602891 6
0.60274 6
0.602598 6
0.602446 6
0.602288 6
0.602131 6
0.60197 6
0.60183 6
0.601678 6
0.601523 6
0.601365 6
0.601226 6
0.601088 6
0.600955 6
0.600802 6
0.600659 6
0.600518 6
0.600369 6
0.600215 6
0.600077 6
0.599955 6
0.599797 6
0.599642 6
0.599485 6
0.599331 6
0.599181 6
0.59904 6
0.598882 6
0.598735 6
0.598578 6
0.59842 6
0.59828 6
0.598129 6
0.597995 6
0.597844 6
0.597688 6
0.597543 6
0.597388 6
0.597252 6
0.597112 6
0.596955 6
0.59682 6
0.596663 6
0.596531 6
0.596392 6
0.596266 6
0.596124 6
0.595969 6
0.595814 6
0.595673 6
0.595523 6
0.595382 6
0.595224 6
0.595081 6
0.594931 6
0.594771 6
0.594617 6
0.594471 6
0.594185 6
0.594025 6
0.59387 6
0.593721 6
0.593564 6
0.593424 6
0.593285 6
0.593167 6
0.59303 6
0.592877 6
0.592741 6
0.592594 6
0.592449 6
0.592313 6
0.592159 6
0.592039 6
0.591883 6
0.591727 6
0.59158 6
0.591424 6
0.591266 6
0.591126 6
0.590977 6
0.59083 6
0.590565 6
0.590409 6
0.590253 6
0.590109 6
0.589937 6
0.589799 6
0.589645 6
0.589486 6
0.589349 6
0.589209 6
0.589057 6
0.5889 6
0.588742 6
0.5886 6
0.588447 6
0.588286 6
0.588128 6
0.587975 6
0.587829 6
0.587694 6
0.587535 6
0.587393 6
0.587239 6
0.587087 6
0.586933 6
0.586804 6
0.586679 6
0.586516 6
0.586374 6
0.586208 6
0.586075 6
0.585933 6
0.585793 6
0.58565 6
0.585498 6
0.585384 6
0.585245 6
0.585098 6
0.584947 6
0.584802 6
0.584648 6
0.584491 6
0.584341 6
0.584188 6
0.584056 6
0.583902 6
0.583751 6
0.583612 6
0.583481 6
0.583358 6
0.5832 6
0.583041 6
0.582927 6
0.58278 6
0.582639 6
0.582483 6
0.58234 6
0.582203 6
0.582051 6
0.581927 6
0.581775 6
0.581625 6
0.581493 6
0.581361 6
0.581216 6
0.581073 6
0.580936 6
0.58078 6
0.58067 6
0.580548 6
0.580398 6
0.580238 6
0.580088 6
0.57994 6
0.579785 6
0.579635 6
0.579498 6
0.579358 6
0.579204 6
0.578905 6
0.578758 6
0.578613 6
0.578311 6
0.57815 6
0.577996 6
0.577846 6
0.577691 6
0.57754 6
0.577405 6
0.577257 6
0.57711 6
0.576992 6
0.576846 6
0.57671 6
0.576557 6
0.576404 6
0.576258 6
0.576091 6
0.575943 6
0.575791 6
0.57563 6
0.575479 6
0.57532 6
0.575167 6
0.575009 6
0.574861 6
0.574707 6
0.574565 6
0.574416 6
0.574275 6
0.574124 6
0.573993 6
0.57384 6
0.573681 6
0.573528 6
0.573368 6
0.573215 6
0.573056 6
0.572912 6
0.57276 6
0.572615 6
0.572457 6
0.57232 6
0.572163 6
0.572016 6
0.571859 6
0.571712 6
0.571552 6
0.571408 6
0.57126 6
0.571118 6
0.570961 6
0.570826 6
0.57067 6
0.570514 6
0.570351 6
0.570211 6
0.570062 6
0.569908 6
0.569753 6
0.569589 6
0.56944 6
0.569298 6
0.569151 6
0.568996 6
0.568839 6
0.568693 6
0.568527 6
0.568371 6
0.568212 6
0.568065 6
0.567907 6
0.567758 6
0.567606 6
0.567464 6
0.56731 6
0.567155 6
0.567031 6
0.566877 6
0.56673 6
0.56658 6
0.56643 6
0.566277 6
0.566125 6
0.56597 6
0.56581 6
0.565659 6
0.565506 6
0.565355 6
0.56504 6
0.564885 6
0.564727 6
0.564582 6
0.564428 6
0.564288 6
0.564135 6
0.563998 6
0.563843 6
0.563704 6
0.563551 6
0.563414 6
0.563256 6
0.563093 6
0.562935 6
0.562788 6
0.562641 6
0.562494 6
0.562337 6
0.562178 6
0.562028 6
0.561875 6
0.561738 6
0.561601 6
0.561447 6
0.561289 6
0.561136 6
0.561002 6
0.560845 6
0.560682 6
0.560541 6
0.560398 6
0.560244 6
0.560087 6
0.559962 6
0.559805 6
0.559651 6
0.55951 6
0.559364 6
0.559237 6
0.559078 6
0.558919 6
0.558616 6
0.558489 6
0.558332 6
0.558173 6
0.558023 6
0.557871 6
0.557713 6
0.55756 6
0.557404 6
0.557249 6
0.556948 6
0.556806 6
0.556647 6
0.556504 6
0.556352 6
0.556201 6
0.556041 6
0.555729 6
0.555574 6
0.555424 6
0.555273 6
0.555116 6
0.554964 6
0.554818 6
0.554672 6
0.554526 6
0.554382 6
0.554229 6
0.554085 6
0.553933 6
0.553775 6
0.553619 6
0.553464 6
0.553308 6
0.553149 6
0.552992 6
0.552845 6
0.552716 6
0.552562 6
0.552408 6
0.552262 6
0.552101 6
0.55195 6
0.551795 6
0.551651 6
0.551493 6
0.551332 6
0.551177 6
0.551047 6
0.550892 6
0.550739 6
0.550589 6
0.550436 6
0.550277 6
0.550146 6
0.549997 6
0.549842 6
0.549715 6
0.549563 6
0.549405 6
0.549258 6
0.549106 6
0.548957 6
0.548804 6
0.54865 6
0.548505 6
0.548188 6
0.548051 6
0.547893 6
0.547745 6
0.547595 6
0.547465 6
0.547329 6
0.547172 6
0.547038 6
0.546895 6
0.546736 6
0.546584 6
0.546431 6
0.546275 6
0.546132 6
0.545988 6
0.54585 6
0.545694 6
0.545552 6
0.545412 6
0.545279 6
0.545124 6
0.544682 6
0.544544 6
0.5444 6
0.544271 6
0.544125 6
0.543974 6
0.543814 6
0.543661 6
0.543356 6
0.543213 6
0.543062 6
0.54291 6
0.542757 6
0.542605 6
0.54247 6
0.542325 6
0.542174 6
0.542027 6
0.541712 6
0.541565 6
0.541428 6
0.541277 6
0.541113 6
0.540957 6
0.540819 6
0.540674 6
0.540674 5
0.540527 5
0.54039 5
0.540245 5
0.540093 5
0.539944 5
0.539816 5
0.539667 5
0.539511 5
0.539375 5
0.539241 5
0.539098 5
0.53894 5
0.53878 5
0.538628 5
0.53847 5
0.538312 5
0.538163 5
0.538033 5
0.537894 5
0.537733 5
0.537584 5
0.537431 5
0.537277 5
0.537126 5
0.536976 5
0.536822 5
0.536691 5
0.536537 5
0.536394 5
0.536238 5
0.536099 5
0.535942 5
0.535804 5
0.535658 5
0.535505 5
0.535354 5
0.53521 5
0.535056 5
0.534912 5
0.534751 5
0.534609 5
0.534457 5
0.534322 5
0.534165 5
0.534011 5
0.533864 5
0.533717 5
0.533569 5
0.533416 5
0.53326 5
0.533116 5
0.532988 5
0.532831 5
0.532678 5
0.532527 5
0.532378 5
0.532247 5
0.531937 5
0.531787 5
0.531636 5
0.531498 5
0.531349 5
0.531201 5
0.531047 5
0.530897 5
0.530753 5
0.530586 5
0.530438 5
0.530295 5
0.530137 5
0.529971 5
0.529823 5
0.529674 5
0.529521 5
0.529382 5
0.529227 5
0.52907 5
0.528917 5
0.528787 5
0.528633 5
0.528481 5
0.528327 5
0.528187 5
0.528038 5
0.527894 5
0.527745 5
0.52761 5
0.527454 5
0.527301 5
0.52714 5
0.526984 5
0.526837 5
0.526686 5
0.526535 5
0.526378 5
0.526225 5
0.526083 5
0.525926 5
0.525779 5
0.525634 5
0.525339 5
0.525197 5
0.525042 5
0.524884 5
0.524741 5
0.524581 5
0.524435 5
0.52413 5
0.523972 5
0.52382 5
0.523667 5
0.523521 5
0.523363 5
0.523203 5
0.523044 5
0.52274 5
0.522593 5
0.522443 5
0.522329 5
0.52217 5
0.522026 5
0.521882 5
0.521584 5
0.521427 5
0.521266 5
0.520966 5
0.520816 5
0.520693 5
0.520535 5
0.520386 5
0.52023 5
0.52007 5
0.519773 5
0.519627 5
0.519476 5
0.519328 5
0.519169 5
0.519021 5
0.518869 5
0.518714 5
0.518437 5
0.51829 5
0.518142 5
0.518011 5
0.517853 5
0.5177 5
0.51754 5
0.517385 5
0.517228 5
0.517069 5
0.51693 5
0.516799 5
0.516484 5
0.516324 5
0.516168 5
0.516009 5
0.515853 5
0.515699 5
0.515557 5
0.515409 5
0.515265 5
0.515118 5
0.514963 5
0.514815 5
0.514657 5
0.514535 5
0.514385 5
0.514084 5
0.513929 5
0.513782 5
0.513631 5
0.513477 5
0.513327 5
0.513175 5
0.513021 5
0.512872 5
0.512578 5
0.512429 5
0.51228 5
0.512132 5
0.511974 5
0.511835 5
0.511664 5
0.511512 5
0.51137 5
0.511219 5
0.511061 5
0.510907 5
0.510756 5
0.510604 5
0.51046 5
0.510315 5
0.51017 5
0.510011 5
0.509867 5
0.509706 5
0.509576 5
0.509439 5
0.509288 5
0.509142 5
0.508994 5
0.508866 5
0.50871 5
0.508551 5
0.508404 5
0.508097 5
0.507939 5
0.507773 5
0.507615 5
0.507456 5
0.50731 5
0.507152 5
0.507 5
0.506849 5
0.506698 5
0.506547 5
0.506413 5
0.506273 5
0.506133 5
0.505981 5
0.505828 5
0.505689 5
0.505521 5
0.505368 5
0.505085 5
0.50494 5
0.504783 5
0.504639 5
0.504498 5
0.504342 5
0.50419 5
0.503921 5
0.503776 5
0.503623 5
0.503473 5
0.503322 5
0.503185 5
0.503028 5
0.502879 5
0.502741 5
0.502585 5
0.502441 5
0.502285 5
0.502133 5
0.501978 5
0.501819 5
0.501684 5
0.501528 5
0.501379 5
0.50123 5
0.501073 5
0.500919 5
0.500778 5
0.500637 5
0.500341 5
0.500188 5
0.50004 5
0.499907 5
0.499752 5
0.499611 5
0.499309 5
0.499157 5
0.499 5
0.498688 5
0.498543 5
0.498388 5
0.498229 5
0.498082 5
0.497932 5
0.497773 5
0.497623 5
0.497478 5
0.497329 5
0.497184 5
0.496879 5
0.496734 5
0.496586 5
0.496286 5
0.496126 5
0.495968 5
0.495812 5
0.495665 5
0.49553 5
0.495392 5
0.495251 5
0.494933 5
0.494788 5
0.494659 5
0.494523 5
0.494366 5
0.494208 5
0.494062 5
0.493913 5
0.493759 5
0.493608 5
0.493457 5
0.493296 5
0.493148 5
0.492999 5
0.492856 5
0.492704 5
0.492554 5
0.492397 5
0.492237 5
0.49209 5
0.491945 5
0.49179 5
0.491652 5
0.491498 5
0.491367 5
0.491076 5
0.490925 5
0.490784 5
0.490627 5
0.49047 5
0.490326 5
0.490176 5
0.490027 5
0.489884 5
0.489725 5
0.489575 5
0.489421 5
0.489274 5
0.489126 5
0.489126 4
0.488981 4
0.488814 4
0.488659 4
0.488513 4
0.488358 4
0.4882 4
0.488042 4
0.48773 4
0.487576 4
0.487422 4
0.487118 4
0.486963 4
0.486815 4
0.486664 4
0.48651 4
0.486375 4
0.486222 4
0.486064 4
0.485914 4
0.485766 4
0.485621 4
0.485478 4
0.485339 4
0.485193 4
0.48504 4
0.484885 4
0.484734 4
0.484583 4
0.484426 4
0.484282 4
0.484126 4
0.483978 4
0.483817 4
0.483678 4
0.483535 4
0.483378 4
0.48325 4
0.483106 4
0.482948 4
0.482791 4
0.482632 4
0.482478 4
0.482323 4
0.48217 4
0.48202 4
0.48186 4
0.481701 4
0.481544 4
0.481413 4
0.481263 4
0.481116 4
0.480972 4
0.480816 4
0.480677 4
0.480527 4
0.48037 4
0.480235 4
0.479774 4
0.47963 4
0.479473 4
0.479317 4
0.47918 4
0.479037 4
0.478884 4
0.478734 4
0.478577 4
0.478449 4
0.478292 4
0.478134 4
0.477968 4
0.477813 4
0.477661 4
0.477524 4
0.477379 4
0.477231 4
0.477079 4
0.476947 4
0.476819 4
0.476661 4
0.476518 4
0.476367 4
0.476208 4
0.475914 4
0.475511 4
0.475362 4
0.475205 4
0.475052 4
0.474749 4
0.474593 4
0.474445 4
0.474287 4
0.474139 4
0.473993 4
0.473833 4
0.473689 4
0.473517 4
0.473362 4
0.473221 4
0.473071 4
0.472956 4
0.472809 4
0.472658 4
0.472344 4
0.472209 4
0.472062 4
0.471919 4
0.471774 4
0.471629 4
0.47148 4
0.471331 4
0.471175 4
0.471031 4
0.470882 4
0.470739 4
0.47058 4
0.47042 4
0.470123 4
0.469963 4
0.469803 4
0.469649 4
0.469496 4
0.469344 4
0.469193 4
0.46904 4
0.468885 4
0.468742 4
0.468584 4
0.468431 4
0.468295 4
0.46814 4
0.467988 4
0.467849 4
0.467696 4
0.467539 4
0.467385 4
0.467234 4
0.467115 4
0.466961 4
0.466809 4
0.466651 4
0.466354 4
0.466209 4
0.465908 4
0.465753 4
0.465637 4
0.465487 4
0.465333 4
0.465177 4
0.465017 4
0.464868 4
0.46472 4
0.464435 4
0.464284 4
0.46414 4
0.46399 4
0.463841 4
0.463691 4
0.46353 4
0.463384 4
0.463227 4
0.46307 4
0.46277 4
0.46261 4
0.462468 4
0.462316 4
0.462187 4
0.462051 4
0.46174 4
0.46158 4
0.461266 4
0.461106 4
0.46096 4
0.4608 4
0.460657 4
0.460509 4
0.460192 4
0.459882 4
0.459724 4
0.45958 4
0.459428 4
0.459292 4
0.459132 4
0.458987 4
0.45883 4
0.458683 4
0.458527 4
0.458527 3
0.458379 3
0.458229 3
0.458075 3
0.457917 3
0.457759 3
0.457612 3
0.457462 3
0.457167 3
0.457008 3
0.456863 3
0.456723 3
0.456566 3
0.456411 3
0.456257 3
0.456103 3
0.455965 3
0.455824 3
0.455666 3
0.455513 3
0.455368 3
0.455215 3
0.454903 3
0.454598 3
0.45445 3
0.45429 3
0.453992 3
0.453845 3
0.453693 3
0.453537 3
0.45339 3
0.453256 3
0.453101 3
0.452946 3
0.452637 3
0.452489 3
0.452336 3
0.452196 3
0.452031 3
0.451866 3
0.451707 3
0.451565 3
0.451409 3
0.451263 3
0.451112 3
0.450959 3
0.450804 3
0.450655 3
0.450502 3
0.450351 3
0.450198 3
0.450041 3
0.4499 3
0.449756 3
0.449458 3
0.449312 3
0.449154 3
0.448999 3
0.448849 3
0.4487 3
0.448554 3
0.448406 3
0.448258 3
0.448105 3
0.447952 3
0.447801 3
0.447654 3
0.447496 3
0.44734 3
0.447188 3
0.447033 3
0.446884 3
0.446735 3
0.446589 3
0.446434 3
0.446278 3
0.446121 3
0.445967 3
0.445846 3
0.4457 3
0.445567 3
0.445417 3
0.445276 3
0.44497 3
0.444846 3
0.444687 3
0.444687 2
0.444687 1
0.444542 1
0.444391 1
0.444241 1
0.444084 1
0.443932 1
0.443782 1
0.443633 1
0.443475 1
0.443318 1
0.443164 1
0.44301 1
0.442854 1
0.442706 1
0.442412 1
0.442256 1
0.442103 1
0.441946 1
0.441808 1
0.441512 0
0.44136 0
0.441202 0
0.441046 0
0.440901 0
0.440747 0
0.44059 0
0.44043 0
0.440293 0
0.440149 0
0.439995 0
0.439839 0
0.439695 0
0.439546 0
0.439405 0
0.439244 0
0.439097 0
0.438943 0
0.43864 0
0.438495 0
0.438345 0
0.438188 0
0.43803 0
0.437887 0
0.437735 0
0.437445 0
0.437308 0
0.437163 0
0.43701 0
0.436851 0
0.436702 0
0.436548 0
0.436393 0
0.436243 0
0.436105 0
0.435947 0
0.435791 0
0.435651 0
0.435332 0
0.435191 0
0.435029 0
0.43487 0
0.434717 0
0.434404 0
0.43425 0
0.433954 0
0.433808 0
0.433651 0
0.433495 0
0.433351 0
0.433198 0
0.433048 0
0.432756 0
0.432601 0
0.432449 0
0.432302 0
0.432147 0
0.431985 0
0.431835 0
0.431684 0
0.431533 0
0.43122 0
0.431071 0
0.43092 0
0.430774 0
0.430639 0
0.430498 0
0.430336 0
0.430182 0
0.430031 0
0.429758 0
0.429611 0
0.42931 0
0.429158 0
0.429009 0
0.428854 0
0.428721 0
0.428568 0
0.428422 0
0.42827 0
0.428139 0
0.427981 0
0.427832 0
0.427691 0
0.427549 0
0.427431 0
0.427282 0
0.427129 0
0.426974 0
0.42683 0
0.426679 0
0.42653 0
0.426385 0
0.42625 0
0.426097 0
0.425945 0
0.425796 0
0.42565 0
0.425332 0
0.425021 0
0.424871 0
0.424721 0
0.424569 0
0.424444 0
0.424302 0
0.424158 0
0.424002 0
0.423867 0
0.423723 0
0.423572 0
0.423413 0
0.423255 0
0.423099 0
0.422959 0
0.422805 0
0.422652 0
0.422499 0
0.422339 0
0.422185 0
0.422028 0
0.421883 0
0.421731 0
0.421575 0
0.421424 0
0.421286 0
0.421139 0
0.420995 0
0.420847 0
0.420725 0
0.420561 0
0.420409 0
0.420255 0
0.420101 0
0.419952 0
0.419804 0
0.419649 0
0.41951 0
0.419367 0
0.419228 0
0.419075 0
0.418918 0
0.418764 0
0.418607 0
0.418453 0
0.4183 0
0.418156 0
0.417853 0
0.41755 0
0.417399 0
0.41725 0
0.417094 0
0.41694 0
0.416799 0
0.416653 0
0.4165 0
0.416349 0
0.416212 0
0.416056 0
0.415764 0
0.415632 0
0.415475 0
0.415315 0
0.415158 0
0.415003 0
0.414875 0
0.414718 0
0.414571 0
0.414421 0
0.414126 0
0.413973 0
0.413815 0
0.413554 0
0.413395 0
0.413238 0
0.412789 0
0.412489 0
0.412343 0
0.412202 0
0.412057 0
0.411897 0
0.41161 0
0.411458 0
0.411315 0
0.411159 0
0.410848 0
0.410704 0
0.410549 0
0.410426 0
0.410276 0
0.410128 0
0.409981 0
0.40982 0
0.4095 0
0.409342 0
0.409184 0
0.40904 0
0.408894 0
0.40874 0
0.408601 0
0.408447 0
0.408299 0
0.408147 0
0.407832 0
0.407684 0
0.407532 0
0.407394 0
0.407248 0
0.407091 0
0.406943 0
0.406793 0
0.406652 0
0.406504 0
0.406206 0
0.406049 0
0.405894 0
0.405737 0
0.405439 0
0.405279 0
0.40497 0
0.404831 0
0.404537 0
0.404385 0
0.404091 0
0.403952 0
0.403813 0
0.403656 0
0.403503 0
0.403357 0
0.403202 0
0.403051 0
0.402907 0
0.402754 0
0.402614 0
0.402469 0
0.402315 0
0.402159 0
0.402021 0
0.401862 0
0.401713 0
0.401565 0
0.401419 0
0.401274 0
0.401117 0
0.40096 0
0.400815 0
0.400656 0
0.400548 0
0.400395 0
0.400256 0
0.399965 0
0.399819 0
0.39967 0
0.399525 0
0.399367 0
0.39921 0
0.399051 0
0.398902 0
0.398774 0
0.398478 0
0.398325 0
0.398023 0
0.397872 0
0.397739 0
0.397595 0
0.397132 0
0.396853 0
0.396715 0
0.396565 0
0.396405 0
0.39625 0
0.396111 0
0.395804 0
0.39567 0
0.395525 0
0.395369 0
0.395215 0
0.395064 0
0.394918 0
0.394618 0
0.39446 0
0.394313 0
0.394013 0
0.393873 0
0.393729 0
0.393438 0
0.393282 0
0.393133 0
0.392834 0
0.392679 0
0.392527 0
0.392381 0
0.392082 0
0.391954 0
0.391798 0
0.391655 0
0.391521 0
0.39138 0
0.39123 0
0.391071 0
0.390919 0
0.390789 0
0.390643 0
0.390501 0
0.39004 0
0.389885 0
0.389736 0
0.389577 0
0.389451 0
0.389156 0
0.389014 0
0.388855 0
0.3887 0
0.388394 0
0.388239 0
0.388087 0
0.387936 0
0.387654 0
0.387509 0
0.387371 0
0.387218 0
0.387079 0
0.386926 0
0.386775 0
0.386489 0
0.386331 0
0.386028 0
0.385873 0
0.385565 0
0.385415 0
0.385263 0
0.385127 0
0.384851 0
0.384696 0
0.38454 0
0.38439 0
0.384247 0
0.383952 0
0.383813 0
0.383663 0
0.383504 0
0.383356 0
0.383208 0
0.383048 0
0.382754 0
0.382597 0
0.382445 0
0.382294 0
0.382144 0
0.382005 0
0.38186 0
0.381548 0
0.381394 0
0.381087 0
0.38079 0
0.38063 0
0.380321 0
0.380179 0
0.380031 0
0.379884 0
0.379724 0
0.379579 0
0.379425 0
0.379273 0
0.379126 0
0.37897 0
0.378819 0
0.378664 0
0.378512 0
0.378358 0
0.378215 0
0.377905 0
0.377749 0
0.377419 0
0.37712 0
0.376971 0
0.376818 0
0.376549 0
0.376391 0
0.37624 0
0.376085 0
0.375955 0
0.375491 0
0.375337 0
0.375188 0
0.375053 0
0.374913 0
0.37477 0
0.374471 0
0.374314 0
0.374162 0
0.373698 0
0.373541 0
0.373382 0
0.373095 0
0.372943 0
0.372796 0
0.372651 0
0.372502 0
0.372348 0
0.372192 0
0.372044 0
0.371915 0
0.371759 0
0.371605 0
0.371465 0
0.371305 0
0.371151 0
0.370714 0
0.370554 0
0.370399 0
0.370245 0
0.3701 0
0.369952 0
0.369797 0
0.369635 0
0.369503 0
0.369339 0
0.369186 0
0.369035 0
0.36888 0
0.368739 0
0.368585 0
0.368129 0
0.367682 0
0.367532 0
0.367401 0
0.367099 0
0.366794 0
0.366658 0
0.366504 0
0.366347 0
0.366202 0
0.366045 0
0.365885 0
0.365742 0
0.3656 0
0.365461 0
0.365314 0
0.365153 0
0.365007 0
0.364693 0
0.364391 0
0.364083 0
0.363938 0
0.363785 0
0.363637 0
0.363479 0
0.363326 0
0.363014 0
0.362855 0
0.362708 0
0.362567 0
0.362424 0
0.362284 0
0.362135 0
0.361992 0
0.361839 0
0.361681 0
0.361532 0
0.361377 0
0.361076 0
0.36092 0
0.360785 0
0.360627 0
0.360476 0
0.360323 0
0.360017 0
0.359867 0
0.359571 0
0.359107 0
0.358956 0
0.35835 0
0.358198 0
0.357901 0
0.357761 0
0.35761 0
0.357457 0
0.357151 0
0.357007 0
0.356846 0
0.3567 0
0.356547 0
0.356082 0
0.355922 0
0.355775 0
0.355622 0
0.355486 0
0.354878 0
0.354727 0
0.354574 0
0.354423 0
0.354268 0
0.354111 0
0.353816 0
0.353657 0
0.353501 0
0.353202 0
0.353044 0
0.352888 0
0.352412 0
0.352269 0
0.351808 0
0.351658 0
0.351512 0
0.351216 0
0.351065 0
0.350914 0
0.350615 0
0.350467 0
0.350165 0
0.350005 0
0.349704 0
0.34955 0
0.349399 0
0.349241 0
0.349095 0
0.348643 0
0.348492 0
0.348339 0
0.34819 0
0.347888 0
0.34773 0
0.347425 0
0.347122 0
0.346806 0
0.346654 0
0.346499 0
0.346353 0
0.346054 0
0.345902 0
0.345444 0
0.34515 0
0.345 0
0.344853 0
0.344703 0
0.344528 0
0.344372 0
0.344224 0
0.344065 0
0.343906 0
0.343592 0
0.343437 0
0.343282 0
0.343127 0
0.342973 0
0.342825 0
0.342676 0
0.342363 0
0.341915 0
0.341627 0
0.341472 0
0.34132 0
0.341173 0
0.340877 0
0.340726 0
0.340579 0
0.340438 0
0.340285 0
0.340001 0
0.339845 0
0.339685 0
0.339535 0
0.339376 0
0.339217 0
0.339064 0
0.338908 0
0.338749 0
0.338593 0
0.338442 0
0.338291 0
0.338151 0
0.337993 0
0.337833 0
0.337683 0
0.337523 0
0.337366 0
0.337062 0
0.336902 0
0.336745 0
0.336283 0
0.335997 0
0.335681 0
0.335533 0
0.33538 0
0.335233 0
0.335083 0
0.334922 0
0.334765 0
0.334615 0
0.334454 0
0.334178 0
0.334028 0
0.333717 0
0.333563 0
0.33343 0
0.333275 0
0.332988 0
0.332846 0
0.3327 0
0.332392 0
0.332254 0
0.331498 0
0.331341 0
0.33104 0
0.330888 0
0.330736 0
0.330592 0
0.330438 0
0.330293 0
0.330144 0
0.329997 0
0.329839 0
0.329697 0
0.329543 0
0.329394 0
0.329105 0
0.328948 0
0.32882 0
0.328528 0
0.328375 0
0.328231 0
0.328086 0
0.327938 0
0.327789 0
0.327638 0
0.327503 0
0.327348 0
0.32719 0
0.327054 0
0.326592 0
0.326437 0
0.32613 0
0.325835 0
0.325687 0
0.325527 0
0.32538 0
0.325075 0
0.324923 0
0.32465 0
0.324496 0
0.324338 0
0.324185 0
0.324035 0
0.323881 0
0.323729 0
0.323581 0
0.323281 0
0.322982 0
0.322833 0
0.322685 0
0.322532 0
0.322376 0
0.322235 0
0.322092 0
0.32179 0
0.321479 0
0.321325 0
0.321183 0
0.321023 0
0.320718 0
0.320427 0
0.320279 0
0.320134 0
0.319844 0
0.319376 0
0.319076 0
0.318933 0
0.318782 0
0.318635 0
0.318478 0
0.318332 0
0.318174 0
0.318025 0
0.31773 0
0.317585 0
0.317288 0
0.317127 0
0.316972 0
0.316672 0
0.316372 0
0.316229 0
0.315927 0
0.315782 0
0.315627 0
0.315342 0
0.315192 0
0.31505 0
0.31458 0
0.314421 0
0.314122 0
0.313987 0
0.31384 0
0.313523 0
0.313371 0
0.313216 0
0.312765 0
0.312609 0
0.31245 0
0.31229 0
0.312132 0
0.311825 0
0.311667 0
0.311508 0
0.311353 0
0.31123 0
0.311082 0
0.310629 0
0.310313 0
0.310159 0
0.309842 0
0.309693 0
0.309392 0
0.309242 0
0.308941 0
0.308786 0
0.308636 0
0.308343 0
0.30819 0
0.308049 0
0.307906 0
0.30775 0
0.307593 0
0.307308 0
0.307155 0
0.307002 0
0.306533 0
0.30638 0
0.306074 0
0.305925 0
0.305768 0
0.305627 0
0.305471 0
0.30532 0
0.305009 0
0.304878 0
0.304573 0
0.304416 0
0.304262 0
0.304109 0
0.303797 0
0.30364 0
0.303489 0
0.30333 0
0.303173 0
0.303039 0
0.30289 0
0.302738 0
0.302582 0
0.302426 0
0.302269 0
0.301969 0
0.301817 0
0.301678 0
0.301536 0
0.301377 0
0.30122 0
0.30092 0
0.300764 0
0.300621 0
0.300473 0
0.300323 0
0.300164 0
0.300007 0
0.299569 0
0.29926 0
0.299108 0
0.298951 0
0.298798 0
0.298648 0
0.29849 0
0.298339 0
0.298206 0
0.297889 0
0.297735 0
0.297424 0
0.29714 0
0.296843 0
0.296682 0
0.296528 0
0.29638 0
0.296234 0
0.296083 0
0.295776 0
0.295622 0
0.295465 0
0.295164 0
0.295007 0
0.294699 0
0.294395 0
0.294237 0
0.293784 0
0.293471 0
0.293156 0
0.29301 0
0.292858 0
0.292264 0
0.292105 0
0.291949 0
0.291801 0
0.291644 0
0.291342 0
0.291187 0
0.290892 0
0.29058 0
0.290433 0
0.290281 0
0.290127 0
0.289974 0
0.289517 0
0.289374 0
0.289218 0
0.289068 0
0.288918 0
0.288764 0
0.288456 0
0.287996 0
0.287693 0
0.287537 0
0.287393 0
0.287088 0
0.286929 0
0.286771 0
0.286625 0
0.286171 0
0.286015 0
0.285867 0
0.285699 0
0.285422 0
0.285285 0
0.284974 0
0.284821 0
0.284675 0
0.284203 0
0.284048 0
0.283749 0
0.283442 0
0.283137 0
0.282996 0
0.282863 0
0.282551 0
0.282253 0
0.2821 0
0.281795 0
0.281495 0
0.281339 0
0.281031 0
0.280564 0
0.280424 0
0.280272 0
0.279974 0
0.279537 0
0.279276 0
0.279131 0
0.278979 0
0.278719 0
0.278566 0
0.278266 0
0.278106 0
0.277949 0
0.277789 0
0.277496 0
0.277359 0
0.277053 0
0.276895 0
0.276596 0
0.276303 0
0.275988 0
0.27568 0
0.275533 0
0.275229 0
0.275085 0
0.274931 0
0.274775 0
0.274628 0
0.274156 0
0.274011 0
0.273704 0
0.273398 0
0.27309 0
0.272505 0
0.271888 0
0.27174 0
0.2716 0
0.271444 0
0.271138 0
0.27098 0
0.270697 0
0.270549 0
0.270107 0
0.269808 0
0.269665 0
0.269513 0
0.269353 0
0.269194 0
0.268892 0
0.268736 0
0.268584 0
0.268288 0
0.267981 0
0.267852 0
0.267707 0
0.267551 0
0.267246 0
0.267088 0
0.266647 0
0.266494 0
0.26634 0
0.266051 0
0.265899 0
0.265746 0
0.265591 0
0.265443 0
0.265299 0
0.26515 0
0.264997 0
0.264857 0
0.264406 0
0.264113 0
0.263964 0
0.263812 0
0.263372 0
0.263205 0
0.263055 0
0.262591 0
0.262433 0
0.262289 0
0.262146 0
0.261992 0
0.261676 0
0.261374 0
0.261224 0
0.261079 0
0.260926 0
0.260618 0
0.260305 0
0.260148 0
0.25985 0
0.259697 0
0.259385 0
0.259237 0
0.258932 0
0.258635 0
0.258479 0
0.258339 0
0.257892 0
0.257592 0
0.257301 0
0.257148 0
0.257002 0
0.256856 0
0.256704 0
0.256558 0
0.256403 0
0.256251 0
0.256117 0
0.255817 0
0.255507 0
0.255208 0
0.2549 0
0.254751 0
0.254605 0
0.254303 0
0.254156 0
0.254003 0
0.253854 0
0.25357 0
0.253413 0
0.253103 0
0.252494 0
0.252335 0
0.252042 0
0.25189 0
0.251593 0
0.251458 0
0.251161 0
0.251015 0
0.250874 0
0.250724 0
0.250273 0
0.250122 0
0.249965 0
0.249661 0
0.249201 0
0.248891 0
0.248601 0
0.248446 0
0.248008 0
0.247854 0
0.247711 0
0.247568 0
0.247257 0
0.247101 0
0.246946 0
0.246788 0
0.246628 0
0.246474 0
0.246324 0
0.246171 0
0.246049 0
0.245904 0
0.245745 0
0.245463 0
0.24503 0
0.244876 0
0.244576 0
0.244447 0
0.243827 0
0.24352 0
0.243366 0
0.243211 0
0.243052 0
0.242752 0
0.242438 0
0.241974 0
0.241829 0
0.241676 0
0.241526 0
0.241379 0
0.241223 0
0.241069 0
0.240755 0
0.240606 0
0.240454 0
0.240137 0
0.23999 0
0.239529 0
0.239377 0
0.239228 0
0.238938 0
0.238784 0
0.238332 0
0.238172 0
0.238031 0
0.237874 0
0.237567 0
0.237412 0
0.237269 0
0.237117 0
0.236962 0
0.23666 0
0.236368 0
0.236214 0
0.236064 0
0.235768 0
0.235473 0
0.235314 0
0.235017 0
0.234559 0
0.234407 0
0.23426 0
0.234133 0
0.233984 0
0.23367 0
0.233048 0
0.232743 0
0.232591 0
0.232147 0
0.231977 0
0.231523 0
0.231373 0
0.231077 0
0.230919 0
0.230759 0
0.230465 0
0.230174 0
0.229717 0
0.229562 0
0.22942 0
0.229112 0
0.228802 0
0.228497 0
0.228346 0
0.228191 0
0.22803 0
0.227269 0
0.227115 0
0.226961 0
0.226654 0
0.226351 0
0.226201 0
0.225732 0
0.225575 0
0.225112 0
0.224647 0
0.2242 0
0.224048 0
0.223752 0
0.223457 0
0.223002 0
0.222704 0
0.222126 0
0.221816 0
0.221659 0
0.221361 0
0.22105 0
0.2209 0
0.220744 0
0.220589 0
0.220428 0
0.22027 0
0.220116 0
0.219964 0
0.219809 0
0.219336 0
0.219039 0
0.218905 0
0.218454 0
0.218301 0
0.21801 0
0.21772 0
0.21757 0
0.217412 0
0.217252 0
0.217102 0
0.216948 0
0.216642 0
0.216498 0
0.216339 0
0.216182 0
0.216035 0
0.215601 0
0.215454 0
0.215008 0
0.214851 0
0.214691 0
0.21454 0
0.214088 0
0.213933 0
0.213649 0
0.213359 0
0.213045 0
0.212752 0
0.211814 0
0.21151 0
0.210746 0
0.210288 0
0.209979 0
0.209679 0
0.209228 0
0.20909 0
0.208939 0
0.208796 0
0.208335 0
0.208032 0
0.207724 0
0.207573 0
0.207276 0
0.206816 0
0.206699 0
0.206546 0
0.206404 0
0.206248 0
0.206094 0
0.205951 0
0.205175 0
0.204862 0
0.204407 0
0.204259 0
0.203948 0
0.203788 0
0.203495 0
0.203343 0
0.20305 0
0.202892 0
0.202605 0
0.202451 0
0.202152 0
0.201854 0
0.201701 0
0.2014 0
0.201093 0
0.20079 0
0.200639 0
0.200325 0
0.199729 0
0.199576 0
0.199263 0
0.19865 0
0.198493 0
0.198353 0
0.198198 0
0.198048 0
0.197739 0
0.197582 0
0.197137 0
0.19684 0
0.196702 0
0.196244 0
0.196087 0
0.195629 0
0.195488 0
0.195174 0
0.195029 0
0.194719 0
0.194572 0
0.194276 0
0.193961 0
0.193814 0
0.193659 0
0.193372 0
0.193219 0
0.193066 0
0.192907 0
0.192443 0
0.192299 0
0.192178 0
0.19203 0
0.191878 0
0.191273 0
0.190803 0
0.190668 0
0.190523 0
0.190214 0
0.190058 0
0.189754 0
0.189605 0
0.189309 0
0.189156 0
0.188758 0
0.188457 0
0.188146 0
0.187834 0
0.187573 0
0.186458 0
0.18617 0
0.185722 0
0.185579 0
0.185267 0
0.184983 0
0.184833 0
0.184229 0
0.184073 0
0.183917 0
0.183773 0
0.183467 0
0.183162 0
0.182872 0
0.182716 0
0.182415 0
0.182262 0
0.181967 0
0.181675 0
0.181365 0
0.180892 0
0.180586 0
0.180282 0
0.17984 0
0.17955 0
0.179397 0
0.179239 0
0.178945 0
0.178804 0
0.178491 0
0.17806 0
0.177907 0
0.177759 0
0.177145 0
0.176849 0
0.176562 0
0.176264 0
0.175805 0
0.17534 0
0.175184 0
0.17475 0
0.174461 0
0.174315 0
0.174179 0
0.173741 0
0.173133 0
0.172829 0
0.172521 0
0.171905 0
0.171136 0
0.170679 0
0.170522 0
0.170377 0
0.169904 0
0.169593 0
0.169297 0
0.169151 0
0.168852 0
0.168395 0
0.168099 0
0.167655 0
0.167196 0
0.166885 0
0.166735 0
0.166577 0
0.165959 0
0.165512 0
0.16536 0
0.164767 0
0.164318 0
0.164014 0
0.163715 0
0.163405 0
0.163101 0
0.162949 0
0.162795 0
0.162491 0
0.162199 0
0.16174 0
0.160969 0
0.160519 0
0.160361 0
0.1596 0
0.159306 0
0.159149 0
0.158535 0
0.157914 0
0.15746 0
0.157321 0
0.156744 0
0.156442 0
0.155988 0
0.15554 0
0.15538 0
0.154608 0
0.154453 0
0.154299 0
0.153999 0
0.153867 0
0.153718 0
0.153564 0
0.153119 0
0.152526 0
0.15225 0
0.151951 0
0.151805 0
0.151651 0
0.151498 0
0.151184 0
0.151032 0
0.150891 0
0.15059 0
0.149994 0
0.149555 0
0.149103 0
0.148818 0
0.148509 0
0.148052 0
0.147907 0
0.147762 0
0.147605 0
0.147457 0
0.146998 0
0.146695 0
0.1464 0
0.146243 0
0.145931 0
0.145775 0
0.145317 0
0.145165 0
0.145016 0
0.14473 0
0.144576 0
0.144271 0
0.143509 0
0.143355 0
0.143051 0
0.142598 0
0.142295 0
0.142153 0
0.141997 0
0.14184 0
0.141371 0
0.140744 0
0.140302 0
0.139707 0
0.139259 0
0.139107 0
0.138821 0
0.138521 0
0.138367 0
0.138078 0
0.137774 0
0.137483 0
0.137027 0
0.136722 0
0.13644 0
0.136294 0
0.136142 0
0.135832 0
0.135516 0
0.135204 0
0.134756 0
0.134464 0
0.134016 0
0.133881 0
0.13373 0
0.133443 0
0.133131 0
0.132373 0
0.132233 0
0.131789 0
0.131651 0
0.131338 0
0.131202 0
0.131055 0
0.13044 0
0.130146 0
0.13 0
0.129697 0
0.129381 0
0.128924 0
0.128778 0
0.128624 0
0.128175 0
0.128014 0
0.12771 0
0.127247 0
0.127105 0
0.126951 0
0.126369 0
0.125933 0
0.12563 0
0.125478 0
0.125171 0
0.125019 0
0.124867 0
0.124257 0
0.124097 0
0.12379 0
0.123045 0
0.122748 0
0.122453 0
0.122297 0
0.121994 0
0.121696 0
0.121399 0
0.121089 0
0.120655 0
0.120364 0
0.120205 0
0.120051 0
0.11991 0
0.119609 0
0.118981 0
0.118823 0
0.118522 0
0.118067 0
0.117921 0
0.117763 0
0.117467 0
0.117316 0
0.117158 0
0.116859 0
0.116711 0
0.116562 0
0.115942 0
0.115789 0
0.115497 0
0.115044 0
0.114613 0
0.114307 0
0.113997 0
0.113856 0
0.113248 0
0.113092 0
0.112476 0
0.112174 0
0.112028 0
0.11157 0
0.111268 0
0.11111 0
0.110491 0
0.110181 0
0.109723 0
0.109412 0
0.108803 0
0.10835 0
0.107886 0
0.107587 0
0.106987 0
0.106696 0
0.10656 0
0.1064 0
0.106252 0
0.105946 0
0.105786 0
0.104732 0
0.104452 0
0.104146 0
0.103844 0
0.103375 0
0.102745 0
0.102272 0
0.101974 0
0.10184 0
0.101058 0
0.100903 0
0.100594 0
0.100127 0
0.0998113 0
0.0996628 0
0.0990683 0
0.0980246 0
0.0975742 0
0.0972791 0
0.0969836 0
0.09683 0
0.0966817 0
0.0963861 0
0.0959407 0
0.095793 0
0.0953194 0
0.0951625 0
0.0948592 0
0.0947088 0
0.0943966 0
0.0942421 0
0.094085 0
0.0939613 0
0.0938037 0
0.0936482 0
0.0934885 0
0.0931929 0
0.0928935 0
0.0927364 0
0.0924227 0
0.0918283 0
0.0913697 0
0.0912196 0
0.0909252 0
0.090613 0
0.090153 0
0.0900034 0
0.0897105 0
0.0895559 0
0.0893992 0
0.0892451 0
0.0889688 0
0.0888178 0
0.0886676 0
0.0885215 0
0.0882239 0
0.088079 0
0.087773 0
0.087618 0
0.087459 0
0.0871462 0
0.0868308 0
0.0865243 0
0.0862132 0
0.0859207 0
0.085616 0
0.085458 0
0.0848382 0
0.0845214 0
0.0839111 0
0.0831439 0
0.0826927 0
0.0822441 0
0.0820895 0
0.0813227 0
0.081172 0
0.0808669 0
0.0805536 0
0.0802386 0
0.0796494 0
0.0793509 0
0.0791986 0
0.0790452 0
0.0788948 0
0.0784399 0
0.0781479 0
0.0779948 0
0.0776926 0
0.0773908 0
0.0770909 0
0.0761576 0
0.0760236 0
0.0754023 0
0.074946 0
0.0746347 0
0.0743519 0
0.0738879 0
0.0737274 0
0.0731074 0
0.0727986 0
0.0726486 0
0.0720574 0
0.0717724 0
0.0713215 0
0.0707331 0
0.070281 0
0.0701291 0
0.0699762 0
0.0695188 0
0.0687885 0
0.0686374 0
0.0683285 0
0.0678778 0
0.0674193 0
0.0669598 0
0.066548 0
0.0659252 0
0.0653207 0
0.0651597 0
0.0647153 0
0.0644232 0
0.0638129 0
0.0636706 0
0.0630625 0
0.0625962 0
0.0620127 0
0.0614063 0
0.0612552 0
0.0610975 0
0.0609381 0
0.0606226 0
0.0603249 0
0.0600236 0
0.0598749 0
0.059409 0
0.0591222 0
0.0585115 0
0.0583586 0
0.0582043 0
0.0580622 0
0.0579093 0
0.0576082 0
0.0573085 0
0.0570037 0
0.056853 0
0.0563908 0
0.0560837 0
0.055933 0
0.0554904 0
0.0550343 0
0.0547211 0
0.0544119 0
0.0539613 0
0.0535398 0
0.0533888 0
0.0530972 0
0.0526444 0
0.0523448 0
0.052032 0
0.0518824 0
0.0515786 0
0.0514284 0
0.0512713 0
0.0511124 0
0.0508017 0
0.0506469 0
0.0501867 0
0.0498725 0
0.0489419 0
0.0487857 0
0.0484895 0
0.0481922 0
0.0480544 0
0.0477546 0
0.0476066 0
0.0474544 0
0.0473101 0
0.0466909 0
0.0463946 0
0.0462489 0
0.0459367 0
0.0454951 0
0.0452002 0
0.0448958 0
0.0447357 0
0.0444338 0
0.0441225 0
0.0438134 0
0.0436547 0
0.0435194 0
0.042909 0
0.0427645 0
0.0426066 0
0.0420105 0
0.041863 0
0.0417175 0
0.0415644 0
0.0409904 0
0.0408432 0
0.0406876 0
0.0401188 0
0.0398096 0
0.0396551 0
0.0393499 0
0.0388856 0
0.0385758 0
0.0382856 0
0.0381439 0
0.0373883 0
0.0372412 0
0.0371121 0
0.0365106 0
0.0363616 0
0.0360607 0
0.0359115 0
0.0356199 0
0.03517 0
0.0350151 0
0.0348628 0
0.0345579 0
0.0340958 0
0.0337815 0
0.0334716 0
0.0333182 0
0.0331664 0
0.0328518 0
0.0327091 0
0.0325545 0
0.0324057 0
0.0321021 0
0.031943 0
0.0317958 0
0.0316489 0
0.0311876 0
0.0309092 0
0.030752 0
0.0306027 0
0.0304491 0
0.0301312 0
0.0298326 0
0.0295362 0
0.0292431 0
0.029092 0
0.0289479 0
0.0287959 0
0.0286501 0
0.0283489 0
0.0280335 0
0.0278854 0
0.0274257 0
0.0272829 0
0.026984 0
0.0265192 0
0.0263634 0
0.0262205 0
0.0260595 0
0.0257786 0
0.0254843 0
0.0253397 0
0.0252036 0
0.024904 0
0.0244447 0
0.0241323 0
0.0239825 0
0.0238273 0
0.0236848 0
0.0235316 0
0.0230894 0
0.022955 0
0.0228048 0
0.0226477 0
0.0223447 0
0.0221991 0
0.0214232 0
0.0212715 0
0.0211243 0
0.0208154 0
0.0205175 0
0.0203797 0
0.0202281 0
0.0199229 0
0.0197687 0
0.0194667 0
0.019315 0
0.0191709 0
0.0190104 0
0.0187114 0
0.0182655 0
0.0178294 0
0.0173725 0
0.0172232 0
0.0170753 0
0.0169219 0
0.0167921 0
0.0164863 0
0.0163479 0
0.0162058 0
0.0160561 0
0.0158968 0
0.015472 0
0.0153215 0
0.0151684 0
0.0150124 0
0.0148702 0
0.0147176 0
0.01442 0
0.0142715 0
0.0141205 0
0.013829 0
0.0136714 0
0.0133799 0
0.0132317 0
0.0130906 0
0.0126346 0
0.0123541 0
0.012038 0
0.0118783 0
0.0114443 0
0.0112874 0
0.0109639 0
0.0108086 0
0.0106628 0
0.0103773 0
0.0102161 0
0.00992175 0
0.009783 0
0.00964424 0
0.00933653 0
0.00904368 0
0.00889475 0
0.00873861 0
0.00859111 0
0.00843442 0
0.00813061 0
0.0078375 0
0.00769305 0
0.00754043 0
0.00738326 0
0.0072277 0
0.00707801 0
0.00678278 0
0.00663408 0
0.00647512 0
0.00617317 0
0.00601813 0
0.00586253 0
0.00570956 0
0.0053989 0
0.00510045 0
0.00495679 0
0.00480468 0
0.00465036 0
0.00450548 0
0.00420337 0
0.0040645 0
0.00391354 0
0.00375745 0
0.00315643 0
0.0030083 0
0.00271379 0
0.00256093 0
0.00228037 0
0.00196466 0
0.00181375 0
0.00165601 0
0.00150978 0
0.00136276 0
0.00121775 0
0.00105899 0
0.000904859 0
0.000765324 0
0.000611527 0
0.000461384 0
0.000310177 0
0.0001574 0
