0.747436 2376
0.747436 2375
0.747436 2374
0.747436 2373
0.747436 2372
0.747436 2371
0.747436 2370
0.747436 2369
0.747436 2368
0.747436 2367
0.747436 2366
0.747436 2365
0.747436 2364
0.747436 2363
0.747436 2362
0.747436 2361
0.747436 2360
0.747436 2359
0.747436 2358
0.747436 2357
0.747436 2356
0.747436 2355
0.747436 2354
0.747436 2353
0.747436 2352
0.747436 2351
0.747436 2350
0.747436 2349
0.747436 2348
0.747436 2347
0.747436 2346
0.747436 2345
0.747436 2344
0.747436 2343
0.747436 2342
0.747436 2341
0.747436 2340
0.747436 2339
0.747436 2338
0.747436 2337
0.747436 2336
0.747436 2335
0.747436 2334
0.747436 2333
0.747436 2332
0.747436 2331
0.747436 2330
0.747436 2329
0.747436 2328
0.747436 2327
0.747436 2326
0.747436 2325
0.747436 2324
0.747436 2323
0.747436 2322
0.747436 2321
0.747436 2320
0.747436 2319
0.747436 2318
0.747436 2317
0.747436 2316
0.747436 2315
0.747436 2314
0.747436 2313
0.747436 2312
0.747436 2311
0.747436 2310
0.747436 2309
0.747436 2308
0.747436 2307
0.747436 2306
0.747436 2305
0.747436 2304
0.747436 2303
0.747334 2303
0.747334 2302
0.747334 2301
0.747334 2300
0.747334 2299
0.747334 2298
0.747334 2297
0.747334 2296
0.747334 2295
0.747334 2294
0.747334 2293
0.747334 2292
0.747334 2291
0.747334 2290
0.747334 2289
0.747334 2288
0.747334 2287
0.747334 2286
0.747334 2285
0.747239 2285
0.747239 2284
0.747239 2283
0.747239 2282
0.747239 2281
0.747239 2280
0.747239 2279
0.747239 2278
0.747239 2277
0.747239 2276
0.747239 2275
0.747239 2274
0.747239 2273
0.747239 2272
0.747239 2271
0.747239 2270
0.747239 2269
0.747239 2268
0.747239 2267
0.747239 2266
0.747239 2265
0.747239 2264
0.747239 2263
0.747239 2262
0.747239 2261
0.747239 2260
0.747239 2259
0.747239 2258
0.747239 2257
0.747239 2256
0.747239 2255
0.747239 2254
0.747239 2253
0.747239 2252
0.747239 2251
0.747239 2250
0.747239 2249
0.747239 2248
0.747239 2247
0.747239 2246
0.747239 2245
0.747239 2244
0.747239 2243
0.747239 2242
0.747239 2241
0.747239 2240
0.747239 2239
0.747239 2238
0.747239 2237
0.747239 2236
0.747239 2235
0.747239 2234
0.747239 2233
0.747239 2232
0.747239 2231
0.747239 2230
0.747239 2229
0.747239 2228
0.747239 2227
0.747239 2226
0.747239 2225
0.747239 2224
0.747239 2223
0.747239 2222
0.747239 2221
0.747239 2220
0.747239 2219
0.747239 2218
0.747239 2217
0.747239 2216
0.747239 2215
0.747239 2214
0.747239 2213
0.747239 2212
0.747239 2211
0.747239 2210
0.747239 2209
0.747239 2208
0.747239 2207
0.747239 2206
0.747239 2205
0.747239 2204
0.747239 2203
0.747239 2202
0.747239 2201
0.747239 2200
0.747239 2199
0.747239 2198
0.747239 2197
0.747239 2196
0.747239 2195
0.747239 2194
0.747239 2193
0.747239 2192
0.747239 2191
0.747239 2190
0.747239 2189
0.747239 2188
0.747239 2187
0.747239 2186
0.747239 2185
0.747239 2184
0.747239 2183
0.747239 2182
0.747239 2181
0.747239 2180
0.747239 2179
0.747239 2178
0.747239 2177
0.747239 2176
0.747239 2175
0.747239 2174
0.747239 2173
0.747239 2172
0.747239 2171
0.747239 2170
0.747239 2169
0.747239 2168
0.747239 2167
0.747239 2166
0.747239 2165
0.747239 2164
0.747239 2163
0.747239 2161
0.747239 2160
0.747239 2159
0.747239 2158
0.747239 2157
0.747239 2156
0.747113 2156
0.747113 2155
0.747113 2154
0.747113 2153
0.747113 2152
0.747113 2151
0.747113 2150
0.747113 2149
0.747113 2148
0.747113 2147
0.747113 2146
0.747113 2145
0.747113 2144
0.747113 2143
0.747113 2142
0.747113 2141
0.747113 2140
0.747113 2139
0.747113 2138
0.747113 2137
0.747113 2136
0.747113 2135
0.747113 2134
0.747113 2133
0.747113 2132
0.747113 2131
0.747113 2130
0.747113 2129
0.747113 2128
0.747113 2127
0.747113 2126
0.747113 2125
0.747113 2124
0.747113 2123
0.747113 2122
0.747113 2121
0.747113 2120
0.747113 2119
0.747113 2118
0.747113 2117
0.747113 2116
0.747113 2115
0.747113 2114
0.747113 2113
0.747113 2112
0.747113 2111
0.747113 2110
0.747113 2109
0.747113 2108
0.747113 2107
0.747113 2106
0.747039 2105
0.747039 2104
0.747039 2103
0.747039 2102
0.747039 2101
0.747039 2100
0.747039 2099
0.747039 2098
0.747039 2097
0.747039 2096
0.747035 2095
0.747035 2094
0.747035 2093
0.747035 2092
0.747035 2091
0.747035 2090
0.747035 2089
0.747035 2088
0.747035 2087
0.746889 2087
0.746889 2086
0.746889 2085
0.746889 2084
0.746889 2083
0.746889 2082
0.746889 2081
0.746889 2080
0.746889 2079
0.746889 2078
0.746889 2077
0.746889 2076
0.746889 2075
0.746889 2074
0.746889 2073
0.746889 2072
0.746889 2071
0.746889 2070
0.746889 2069
0.746889 2068
0.746889 2067
0.746889 2066
0.746889 2065
0.746889 2064
0.746889 2063
0.746889 2062
0.746889 2061
0.746889 2060
0.746889 2059
0.746889 2058
0.746889 2057
0.746889 2056
0.746889 2055
0.746889 2054
0.746889 2053
0.746889 2052
0.746889 2051
0.746889 2050
0.746889 2049
0.746889 2048
0.746889 2047
0.746889 2046
0.746889 2045
0.746889 2044
0.746889 2043
0.746889 2042
0.746889 2041
0.746889 2040
0.746889 2039
0.746889 2038
0.746889 2037
0.746889 2036
0.746889 2035
0.746889 2034
0.746889 2033
0.746889 2032
0.746889 2031
0.746889 2030
0.746889 2029
0.746889 2028
0.746889 2027
0.746889 2026
0.746889 2025
0.746889 2024
0.746889 2023
0.746889 2022
0.746889 2021
0.746889 2020
0.746889 2019
0.746889 2018
0.746889 2017
0.746889 2016
0.746889 2015
0.746889 2014
0.746889 2013
0.746889 2012
0.746889 2011
0.746889 2010
0.746889 2009
0.746889 2008
0.746889 2007
0.746889 2006
0.746889 2005
0.746889 2004
0.746889 2003
0.746889 2002
0.746889 2001
0.746889 2000
0.746889 1999
0.746889 1998
0.746889 1997
0.746889 1996
0.746889 1995
0.746889 1994
0.746889 1993
0.746889 1992
0.746889 1991
0.746889 1990
0.746889 1989
0.746889 1988
0.746889 1987
0.746889 1986
0.746889 1985
0.746889 1984
0.746889 1983
0.746889 1982
0.746889 1981
0.746889 1980
0.746889 1979
0.746889 1978
0.746889 1977
0.746889 1976
0.746889 1975
0.746889 1974
0.746889 1973
0.746889 1972
0.746889 1971
0.746889 1970
0.746889 1969
0.746889 1968
0.746889 1967
0.746889 1966
0.746889 1965
0.746889 1964
0.746889 1963
0.746889 1962
0.746889 1961
0.746889 1960
0.746889 1959
0.746889 1958
0.746889 1957
0.746889 1956
0.746889 1955
0.746889 1954
0.746889 1953
0.746754 1953
0.746754 1952
0.746754 1951
0.746754 1950
0.746754 1949
0.746754 1948
0.746736 1947
0.746736 1946
0.746736 1945
0.746736 1944
0.746736 1943
0.746736 1942
0.746736 1941
0.746736 1940
0.746736 1939
0.746736 1938
0.746736 1937
0.746736 1936
0.746736 1935
0.746736 1934
0.746736 1933
0.746736 1932
0.746736 1931
0.746736 1930
0.746736 1929
0.746736 1928
0.746736 1927
0.746736 1926
0.746736 1925
0.746736 1924
0.746736 1923
0.746736 1922
0.746736 1921
0.746736 1920
0.746736 1919
0.746736 1918
0.746736 1917
0.746736 1916
0.746736 1915
0.746736 1914
0.746736 1913
0.746736 1912
0.746736 1911
0.746736 1910
0.746736 1909
0.746736 1908
0.746736 1907
0.746736 1906
0.746736 1905
0.746736 1904
0.746736 1903
0.746736 1902
0.746736 1901
0.746736 1900
0.746736 1899
0.746736 1898
0.746736 1897
0.746736 1896
0.746736 1895
0.746736 1894
0.746736 1893
0.746736 1892
0.746736 1891
0.746736 1890
0.746594 1890
0.746594 1889
0.746594 1888
0.746594 1887
0.746594 1886
0.746594 1885
0.746594 1884
0.746594 1883
0.746594 1882
0.746594 1881
0.74652 1880
0.74652 1879
0.74652 1878
0.74652 1877
0.746377 1877
0.746377 1876
0.746377 1875
0.746377 1874
0.746377 1873
0.746377 1872
0.746377 1871
0.746377 1870
0.746377 1869
0.746377 1868
0.746377 1867
0.746377 1866
0.746377 1865
0.746377 1864
0.746377 1863
0.746377 1862
0.746377 1861
0.746377 1860
0.746377 1859
0.746377 1858
0.746377 1857
0.746377 1856
0.746377 1855
0.746377 1854
0.746377 1853
0.746244 1853
0.746244 1852
0.746244 1851
0.746244 1850
0.746244 1849
0.746244 1848
0.746244 1847
0.746244 1846
0.746244 1845
0.746244 1844
0.746244 1843
0.746244 1842
0.746244 1841
0.746244 1840
0.746244 1839
0.746244 1838
0.746244 1837
0.746244 1836
0.746244 1835
0.746244 1834
0.746244 1833
0.746244 1832
0.746244 1831
0.746244 1830
0.746244 1829
0.746244 1828
0.746244 1827
0.746244 1826
0.746244 1825
0.746244 1824
0.746244 1823
0.746244 1822
0.746244 1821
0.746244 1820
0.746244 1819
0.746244 1818
0.746244 1817
0.746244 1816
0.746244 1815
0.746244 1814
0.746244 1813
0.746244 1812
0.746244 1811
0.746244 1810
0.746244 1809
0.746244 1808
0.746244 1807
0.746244 1806
0.746244 1805
0.746244 1804
0.746244 1803
0.746244 1802
0.746244 1801
0.746244 1800
0.746244 1799
0.746244 1798
0.746244 1797
0.746244 1796
0.746244 1795
0.746244 1794
0.746244 1793
0.746244 1792
0.746244 1791
0.746244 1790
0.746244 1789
0.746244 1788
0.746244 1787
0.746244 1786
0.746244 1785
0.74611 1785
0.74611 1784
0.74611 1783
0.74611 1782
0.74611 1781
0.74611 1780
0.74611 1779
0.74611 1778
0.74611 1777
0.74611 1776
0.74611 1775
0.74611 1774
0.74611 1773
0.74611 1772
0.74611 1771
0.74611 1770
0.74611 1769
0.74611 1768
0.74611 1767
0.74611 1766
0.74611 1765
0.74611 1764
0.74611 1763
0.74611 1762
0.74611 1761
0.74611 1760
0.74611 1759
0.74611 1758
0.74611 1757
0.74611 1756
0.74611 1755
0.74611 1754
0.74611 1753
0.74611 1752
0.74611 1751
0.74611 1750
0.74611 1749
0.74611 1748
0.74611 1747
0.74611 1746
0.74611 1745
0.74611 1744
0.74611 1743
0.74611 1742
0.74611 1741
0.74611 1740
0.74611 1739
0.74611 1738
0.74611 1737
0.74611 1736
0.74611 1735
0.74611 1734
0.74611 1733
0.74611 1732
0.74611 1731
0.74611 1730
0.746023 1729
0.746023 1728
0.745937 1727
0.745937 1726
0.745937 1725
0.745937 1724
0.745818 1724
0.745818 1723
0.745818 1722
0.745679 1722
0.745679 1721
0.745679 1720
0.745679 1719
0.745679 1718
0.745679 1717
0.745679 1716
0.745679 1715
0.745679 1714
0.745679 1713
0.745679 1712
0.745679 1711
0.745679 1710
0.745679 1709
0.745679 1708
0.745679 1707
0.745679 1706
0.745679 1705
0.745542 1705
0.745542 1704
0.745542 1703
0.745542 1702
0.745542 1701
0.745542 1700
0.745542 1699
0.745494 1698
0.745352 1698
0.745352 1697
0.745352 1696
0.745352 1695
0.745249 1695
0.745249 1694
0.745249 1693
0.745249 1692
0.745249 1691
0.745249 1690
0.745249 1689
0.745249 1688
0.745249 1687
0.745249 1686
0.745249 1685
0.745249 1684
0.745249 1683
0.745249 1682
0.745249 1681
0.745249 1680
0.745249 1679
0.745249 1678
0.745249 1677
0.745249 1676
0.745249 1675
0.745249 1674
0.745249 1673
0.745249 1672
0.745249 1671
0.745249 1670
0.745249 1669
0.745249 1668
0.745249 1667
0.745249 1666
0.745249 1665
0.745249 1664
0.745249 1663
0.745249 1662
0.745249 1661
0.745249 1660
0.745249 1659
0.745249 1658
0.745249 1657
0.745249 1656
0.745249 1655
0.745249 1654
0.745148 1654
0.745148 1653
0.745148 1652
0.745148 1651
0.745148 1650
0.745148 1649
0.745148 1648
0.745148 1647
0.745148 1646
0.745148 1645
0.745148 1644
0.745148 1643
0.745148 1642
0.745148 1641
0.745148 1640
0.745148 1639
0.745148 1638
0.745148 1637
0.745148 1636
0.745148 1635
0.745148 1634
0.745148 1633
0.745148 1632
0.745148 1631
0.745148 1630
0.745148 1629
0.745148 1628
0.745148 1627
0.745148 1626
0.745148 1625
0.745148 1624
0.744997 1624
0.744997 1623
0.744997 1622
0.744997 1621
0.74488 1621
0.74488 1620
0.74488 1619
0.74488 1618
0.74488 1617
0.74488 1616
0.74488 1615
0.74488 1614
0.74488 1613
0.74488 1612
0.74488 1611
0.74488 1610
0.74488 1609
0.74488 1608
0.74488 1607
0.744738 1607
0.744738 1606
0.744738 1605
0.744738 1604
0.744738 1603
0.744738 1602
0.744738 1601
0.744738 1600
0.744738 1599
0.744738 1598
0.744738 1597
0.744738 1596
0.744626 1596
0.744626 1595
0.744626 1594
0.744626 1593
0.744626 1592
0.744626 1591
0.744626 1590
0.744626 1589
0.744626 1588
0.744626 1587
0.744626 1586
0.744626 1585
0.744626 1584
0.744626 1583
0.744626 1582
0.744626 1581
0.744626 1580
0.744626 1579
0.744626 1578
0.744626 1577
0.744626 1576
0.744626 1575
0.744626 1574
0.744626 1573
0.744626 1572
0.744626 1571
0.744626 1570
0.744626 1569
0.744626 1568
0.744626 1567
0.744626 1566
0.744626 1565
0.744626 1564
0.744626 1563
0.744626 1562
0.744626 1561
0.744626 1560
0.744626 1559
0.744626 1558
0.744626 1557
0.744626 1556
0.744626 1555
0.744626 1554
0.744626 1553
0.744626 1552
0.744506 1552
0.744506 1551
0.744506 1550
0.744506 1549
0.744506 1548
0.744506 1547
0.744506 1546
0.744506 1545
0.744506 1544
0.744391 1544
0.744391 1543
0.744391 1542
0.744391 1541
0.744391 1540
0.744391 1539
0.744391 1538
0.744391 1537
0.744391 1536
0.744391 1535
0.744391 1534
0.744391 1533
0.744391 1532
0.744391 1531
0.744391 1530
0.744391 1529
0.744391 1528
0.744391 1527
0.744391 1526
0.744391 1525
0.744391 1524
0.744391 1523
0.744391 1522
0.744391 1521
0.744391 1520
0.744391 1519
0.744391 1518
0.744391 1517
0.744391 1516
0.744391 1515
0.744391 1514
0.744391 1513
0.744391 1512
0.744391 1511
0.744391 1510
0.744254 1510
0.744254 1509
0.744254 1508
0.744254 1507
0.744254 1506
0.744162 1505
0.744162 1504
0.744162 1503
0.744162 1502
0.744162 1501
0.744162 1500
0.744162 1499
0.744162 1498
0.744162 1497
0.744162 1496
0.744162 1495
0.744162 1494
0.744162 1493
0.744162 1492
0.744162 1491
0.744162 1490
0.744162 1489
0.744162 1488
0.744162 1487
0.744162 1486
0.744162 1485
0.744162 1484
0.744162 1483
0.744162 1482
0.744162 1481
0.744162 1480
0.744162 1479
0.744162 1478
0.744162 1477
0.744162 1476
0.744162 1475
0.744162 1474
0.744162 1473
0.744162 1472
0.744162 1471
0.744162 1470
0.744162 1469
0.744162 1468
0.744162 1467
0.744162 1466
0.744162 1465
0.744162 1464
0.744162 1463
0.744162 1462
0.744016 1462
0.743884 1462
0.743884 1461
0.743884 1460
0.743884 1459
0.743884 1458
0.743884 1457
0.743884 1456
0.743884 1455
0.743884 1454
0.743884 1453
0.743884 1452
0.743884 1451
0.743884 1450
0.743884 1449
0.743884 1448
0.743884 1447
0.743884 1446
0.743884 1445
0.743884 1444
0.743884 1443
0.743884 1442
0.743884 1441
0.743884 1440
0.743884 1439
0.743884 1438
0.743884 1437
0.743871 1436
0.743871 1435
0.743871 1434
0.743871 1433
0.743871 1432
0.743732 1432
0.743732 1431
0.743732 1430
0.743732 1429
0.743732 1428
0.743732 1427
0.743732 1426
0.743732 1425
0.743732 1424
0.743732 1423
0.743732 1422
0.743732 1421
0.743732 1420
0.743732 1419
0.743732 1418
0.743732 1417
0.743732 1416
0.743732 1415
0.743732 1414
0.743732 1413
0.743732 1412
0.743732 1411
0.743732 1410
0.743732 1409
0.743732 1408
0.743732 1407
0.743732 1406
0.743732 1405
0.743732 1404
0.743732 1403
0.743732 1402
0.743732 1401
0.743732 1400
0.743732 1399
0.743732 1398
0.743732 1397
0.743732 1396
0.743732 1395
0.743732 1394
0.743732 1393
0.743732 1392
0.743732 1391
0.743732 1390
0.743732 1389
0.743732 1388
0.743588 1388
0.743588 1387
0.743588 1386
0.743588 1385
0.743588 1384
0.743466 1384
0.743466 1383
0.743466 1382
0.743466 1381
0.743466 1380
0.743466 1379
0.743466 1378
0.743466 1377
0.743466 1376
0.743466 1375
0.74333 1375
0.74333 1374
0.74333 1373
0.74333 1372
0.74333 1371
0.74333 1370
0.74333 1369
0.74333 1368
0.74333 1367
0.74333 1366
0.74333 1365
0.74333 1364
0.74333 1363
0.74333 1362
0.74333 1361
0.74333 1360
0.74333 1359
0.74333 1358
0.74333 1357
0.74333 1356
0.74333 1355
0.74333 1354
0.74333 1353
0.74333 1352
0.74333 1351
0.74333 1350
0.74333 1349
0.74333 1348
0.74333 1347
0.74333 1346
0.74333 1345
0.743195 1345
0.743195 1344
0.743195 1343
0.743195 1342
0.743195 1341
0.743195 1340
0.743195 1339
0.743195 1338
0.743195 1337
0.743195 1336
0.743195 1335
0.743195 1334
0.743195 1333
0.743195 1332
0.743195 1331
0.743195 1330
0.743195 1329
0.743195 1328
0.743195 1327
0.743195 1326
0.743195 1325
0.743195 1324
0.743195 1323
0.743195 1322
0.743195 1320
0.743195 1319
0.743195 1318
0.743195 1317
0.743195 1316
0.743195 1315
0.743195 1314
0.743195 1313
0.743195 1312
0.743195 1311
0.743195 1310
0.743195 1309
0.743195 1308
0.743195 1307
0.743195 1306
0.743195 1305
0.743079 1305
0.743079 1304
0.743079 1303
0.743079 1302
0.743079 1301
0.743079 1300
0.743079 1299
0.743079 1298
0.743079 1297
0.743079 1296
0.743079 1295
0.743079 1294
0.742968 1294
0.742968 1293
0.742968 1292
0.742968 1291
0.742968 1290
0.742968 1289
0.742968 1288
0.742968 1287
0.742968 1286
0.742968 1285
0.742968 1284
0.742968 1283
0.742968 1282
0.742968 1281
0.742968 1280
0.742968 1279
0.742968 1278
0.742968 1277
0.742968 1276
0.742968 1275
0.742968 1274
0.742968 1273
0.742968 1272
0.742887 1271
0.742887 1270
0.742887 1269
0.742732 1269
0.742732 1268
0.742616 1268
0.742616 1267
0.742616 1266
0.742616 1265
0.742616 1264
0.742616 1263
0.742616 1262
0.742616 1261
0.742616 1260
0.742616 1259
0.742616 1258
0.742616 1257
0.742609 1256
0.742609 1255
0.742609 1254
0.742609 1253
0.742609 1252
0.742609 1251
0.742609 1250
0.742609 1249
0.742609 1248
0.742609 1247
0.742609 1246
0.742609 1244
0.742609 1243
0.742609 1242
0.742609 1241
0.742609 1240
0.742609 1239
0.742609 1238
0.742609 1237
0.742609 1236
0.742609 1235
0.742609 1234
0.742609 1233
0.742609 1232
0.742609 1231
0.742609 1230
0.742609 1229
0.742609 1228
0.742609 1227
0.742609 1226
0.742609 1225
0.74249 1225
0.74249 1224
0.74249 1223
0.74249 1222
0.74249 1221
0.74249 1220
0.74249 1219
0.74249 1218
0.74249 1217
0.74249 1216
0.74249 1215
0.74249 1214
0.74249 1213
0.74249 1212
0.74249 1211
0.74249 1210
0.74249 1209
0.74249 1208
0.74249 1207
0.74249 1206
0.74249 1205
0.74249 1204
0.74249 1203
0.74249 1202
0.74249 1201
0.74249 1200
0.742362 1200
0.742362 1199
0.742362 1198
0.742362 1197
0.742362 1196
0.742362 1195
0.742362 1194
0.742362 1193
0.742216 1193
0.742216 1192
0.742216 1191
0.742216 1190
0.742216 1189
0.742216 1188
0.742216 1187
0.742216 1186
0.742216 1185
0.742216 1184
0.742216 1183
0.742216 1182
0.742067 1182
0.742067 1181
0.742067 1180
0.742067 1179
0.742067 1178
0.742067 1177
0.742067 1176
0.742067 1175
0.742067 1174
0.741938 1174
0.741938 1173
0.741938 1172
0.741938 1171
0.741938 1170
0.741938 1169
0.741938 1168
0.741938 1167
0.741938 1166
0.741938 1165
0.741804 1165
0.741804 1164
0.741804 1163
0.741804 1162
0.741804 1161
0.741804 1160
0.741804 1159
0.741804 1158
0.741804 1157
0.741804 1156
0.741804 1155
0.741804 1154
0.741804 1153
0.741804 1152
0.741804 1151
0.741804 1150
0.741804 1149
0.741804 1148
0.741804 1147
0.741804 1146
0.741804 1145
0.741804 1144
0.741739 1143
0.741739 1142
0.741739 1141
0.741739 1140
0.741739 1139
0.741739 1138
0.741739 1137
0.741739 1136
0.741739 1135
0.741739 1134
0.741739 1133
0.741739 1132
0.741739 1131
0.741739 1130
0.741739 1129
0.741739 1128
0.741739 1127
0.741739 1126
0.741739 1125
0.741739 1124
0.741739 1123
0.741739 1122
0.741739 1121
0.741588 1121
0.741588 1120
0.741588 1119
0.741588 1118
0.741588 1117
0.741588 1116
0.741588 1115
0.741588 1114
0.741588 1113
0.741588 1112
0.741588 1111
0.741588 1110
0.741588 1109
0.741588 1108
0.741588 1107
0.741588 1106
0.741588 1105
0.741588 1104
0.741588 1103
0.741588 1102
0.741588 1101
0.741588 1100
0.741588 1099
0.741588 1098
0.741588 1097
0.741588 1096
0.741588 1095
0.741588 1094
0.741588 1093
0.741588 1092
0.741588 1091
0.741588 1090
0.741588 1089
0.741588 1088
0.741461 1088
0.741461 1087
0.74138 1086
0.74138 1085
0.74138 1084
0.74138 1083
0.74138 1082
0.74138 1081
0.74138 1080
0.74138 1079
0.74138 1078
0.74138 1077
0.74138 1076
0.741268 1076
0.741268 1075
0.741268 1074
0.741268 1073
0.741268 1072
0.741268 1071
0.741268 1070
0.741268 1069
0.741268 1068
0.741268 1067
0.741268 1066
0.741268 1065
0.741268 1064
0.741268 1063
0.741268 1062
0.741268 1061
0.741268 1060
0.741268 1059
0.741268 1058
0.741268 1057
0.741268 1056
0.741268 1055
0.741242 1054
0.741242 1053
0.741242 1052
0.741242 1051
0.741242 1050
0.741242 1049
0.741242 1048
0.741242 1047
0.741242 1046
0.741242 1045
0.741242 1044
0.741242 1043
0.741242 1042
0.741242 1041
0.741242 1040
0.741242 1039
0.741174 1038
0.741174 1037
0.741174 1036
0.741174 1035
0.741174 1034
0.741174 1033
0.741174 1032
0.741174 1031
0.741174 1030
0.741174 1029
0.741174 1028
0.741174 1027
0.741174 1026
0.741174 1025
0.741174 1024
0.741174 1023
0.741174 1022
0.741174 1021
0.741174 1020
0.741174 1019
0.741174 1018
0.741174 1017
0.741174 1016
0.741167 1015
0.741167 1014
0.741167 1013
0.741167 1012
0.741055 1012
0.741055 1011
0.741055 1010
0.741055 1009
0.741055 1008
0.741055 1007
0.741055 1006
0.741055 1005
0.741055 1004
0.741055 1003
0.741055 1002
0.741055 1001
0.741055 1000
0.741055 999
0.741055 998
0.741055 997
0.741055 996
0.741055 995
0.741055 994
0.741055 993
0.741055 992
0.741055 991
0.741055 990
0.741055 989
0.741055 988
0.741055 987
0.741055 986
0.741055 985
0.741055 984
0.741055 983
0.741055 982
0.741055 981
0.741055 980
0.741055 979
0.741055 978
0.741055 977
0.741055 976
0.741055 975
0.741055 974
0.741055 973
0.74097 972
0.74097 971
0.74097 970
0.74097 969
0.74097 968
0.74097 967
0.74097 966
0.74097 965
0.74097 964
0.74097 963
0.74097 962
0.74097 961
0.74097 960
0.74097 959
0.74097 958
0.74097 957
0.74097 956
0.74097 955
0.74097 954
0.74097 953
0.74097 952
0.740831 952
0.740831 951
0.740831 950
0.740831 949
0.740831 948
0.740831 947
0.740831 946
0.740831 945
0.740831 944
0.740831 943
0.740831 942
0.740831 941
0.740697 941
0.740697 940
0.740697 939
0.740697 938
0.740697 937
0.740697 936
0.740697 935
0.740697 934
0.740697 933
0.740697 932
0.740697 931
0.740588 931
0.740588 930
0.74046 930
0.74046 929
0.74046 928
0.74046 927
0.74046 926
0.74046 925
0.74046 924
0.74046 923
0.74046 922
0.74046 921
0.74046 920
0.74046 919
0.74046 918
0.74046 917
0.74046 916
0.74046 915
0.74046 914
0.74046 913
0.74046 912
0.74046 911
0.74046 910
0.74046 909
0.74046 908
0.740296 908
0.740296 907
0.740296 906
0.740296 905
0.740296 904
0.740296 903
0.740296 902
0.740296 901
0.740296 900
0.740296 899
0.740296 898
0.740296 897
0.740296 896
0.740292 895
0.740292 894
0.740292 893
0.740292 892
0.740144 892
0.740144 891
0.740144 890
0.740144 889
0.740144 888
0.740144 887
0.740144 886
0.740062 885
0.739998 884
0.739998 883
0.739998 882
0.739998 881
0.739998 880
0.739998 879
0.739998 878
0.739998 877
0.739998 876
0.739998 875
0.739901 875
0.739901 874
0.739901 873
0.739901 872
0.739901 871
0.739901 870
0.739901 869
0.739901 868
0.739889 867
0.739889 866
0.739889 865
0.739889 864
0.739889 863
0.73974 863
0.73974 862
0.73974 861
0.73974 860
0.73974 859
0.73974 858
0.73974 857
0.73974 856
0.73974 855
0.73974 854
0.73974 853
0.73974 852
0.73974 851
0.739621 851
0.739621 850
0.739621 849
0.739621 848
0.739621 847
0.739621 846
0.739465 846
0.739465 845
0.739465 844
0.739465 843
0.739465 842
0.739465 841
0.739465 840
0.739465 839
0.739465 838
0.739465 837
0.739465 836
0.739465 835
0.739465 834
0.739465 833
0.739465 832
0.739465 831
0.739312 831
0.739312 830
0.739312 829
0.739312 828
0.739312 827
0.739312 826
0.739312 825
0.739312 824
0.739312 823
0.739312 822
0.739312 821
0.739312 820
0.739171 820
0.739171 819
0.739171 818
0.739171 817
0.739171 816
0.739171 815
0.739171 814
0.739171 813
0.739171 812
0.739171 811
0.739171 810
0.739171 809
0.739171 808
0.739171 807
0.739171 806
0.739171 805
0.739171 804
0.739171 803
0.739171 802
0.739171 801
0.73901 801
0.73901 800
0.73901 799
0.73901 798
0.73901 797
0.73901 796
0.73901 795
0.73901 794
0.73901 793
0.738874 793
0.738756 793
0.738756 792
0.738756 791
0.738756 790
0.738633 790
0.738633 789
0.738633 788
0.738633 787
0.738633 786
0.738633 785
0.738633 784
0.738633 783
0.738633 782
0.738633 781
0.738633 780
0.738633 779
0.738633 778
0.738633 777
0.738633 776
0.738633 775
0.738633 774
0.738633 773
0.738633 772
0.738633 771
0.738633 770
0.738633 769
0.738633 768
0.738633 767
0.738633 766
0.738633 765
0.738633 764
0.738633 763
0.738633 762
0.738633 761
0.738633 760
0.738633 759
0.738585 758
0.738585 757
0.738585 756
0.738585 755
0.738585 754
0.738585 753
0.738582 752
0.738433 752
0.73832 752
0.73832 751
0.73832 750
0.73832 749
0.73832 748
0.73832 747
0.73832 746
0.73832 745
0.73832 744
0.73832 743
0.73832 742
0.73832 741
0.73832 740
0.73832 739
0.73832 738
0.73832 737
0.73832 736
0.73832 735
0.73832 734
0.73832 733
0.73832 732
0.73832 731
0.73832 730
0.73832 729
0.73816 729
0.73816 728
0.73816 727
0.73816 726
0.73816 725
0.73816 724
0.73816 723
0.73816 722
0.73816 721
0.738071 720
0.738071 719
0.737923 719
0.737902 718
0.737902 717
0.737902 716
0.737902 715
0.737902 714
0.737902 713
0.737902 712
0.737902 711
0.737902 710
0.737902 709
0.737902 708
0.737902 707
0.737902 706
0.737795 706
0.737795 705
0.737795 704
0.737795 703
0.737795 702
0.737795 701
0.737795 700
0.737654 700
0.737654 699
0.737654 698
0.737654 697
0.737654 696
0.737654 695
0.737654 694
0.737654 693
0.737654 692
0.737654 691
0.737522 691
0.737522 690
0.737522 689
0.737372 689
0.737372 688
0.737372 687
0.737372 686
0.737228 686
0.737228 685
0.737228 684
0.737228 683
0.737228 682
0.737228 681
0.737228 680
0.737228 679
0.737228 678
0.737228 677
0.737228 676
0.737228 675
0.737228 674
0.737228 673
0.737228 672
0.737228 671
0.737074 671
0.737074 670
0.737074 669
0.737074 668
0.737074 667
0.736933 667
0.736829 667
0.736829 666
0.736829 665
0.736693 665
0.736693 664
0.736693 663
0.736693 662
0.736693 661
0.736693 660
0.736693 659
0.736693 658
0.736693 657
0.736693 656
0.736693 655
0.736693 654
0.736693 653
0.736693 652
0.736693 651
0.736693 650
0.736693 649
0.736693 648
0.736693 647
0.736693 646
0.736693 645
0.736693 644
0.736693 643
0.736693 642
0.736693 641
0.736693 640
0.736693 639
0.736693 638
0.736693 637
0.736693 636
0.736693 635
0.736546 635
0.736546 634
0.736546 633
0.736546 632
0.736546 631
0.736546 630
0.736546 629
0.736458 628
0.736458 627
0.736315 627
0.736315 626
0.736315 625
0.736242 624
0.736242 623
0.736242 622
0.736242 621
0.736242 620
0.736242 619
0.736092 619
0.73598 619
0.73598 618
0.73598 617
0.73598 616
0.73598 615
0.73598 614
0.73585 614
0.73585 613
0.73585 612
0.73585 611
0.73585 610
0.73585 609
0.73585 608
0.73585 607
0.73585 606
0.73585 605
0.73585 604
0.73585 603
0.73585 602
0.73585 601
0.73585 600
0.73585 599
0.73585 598
0.73585 597
0.73585 596
0.73585 595
0.73585 594
0.73585 593
0.73585 592
0.73585 591
0.73585 590
0.73585 589
0.73585 588
0.73585 587
0.73585 586
0.735847 585
0.735847 584
0.735847 583
0.735847 582
0.735847 581
0.735847 580
0.735847 579
0.735847 578
0.735847 577
0.735847 576
0.735847 575
0.735847 574
0.735847 573
0.735847 572
0.735847 571
0.735847 570
0.735847 569
0.735847 568
0.735847 567
0.735847 566
0.735847 565
0.735847 564
0.735847 563
0.735847 562
0.735847 561
0.735847 560
0.735847 559
0.735847 558
0.735847 557
0.735705 557
0.735705 556
0.735705 555
0.735705 554
0.735689 553
0.735689 552
0.735689 551
0.735563 551
0.735455 551
0.735455 550
0.735335 550
0.735335 549
0.735335 548
0.735335 547
0.735335 546
0.735335 545
0.735335 544
0.735335 543
0.735335 542
0.735335 541
0.735335 540
0.735335 539
0.735218 539
0.735218 538
0.735218 537
0.735218 536
0.735218 535
0.735218 534
0.735218 533
0.735218 532
0.735218 531
0.735218 530
0.73506 530
0.73506 529
0.73506 528
0.73506 527
0.73506 526
0.734925 526
0.734791 526
0.734791 525
0.734791 524
0.734791 523
0.734791 522
0.734791 521
0.734791 520
0.734791 519
0.734673 519
0.734673 518
0.734673 517
0.734673 516
0.734673 515
0.734523 515
0.734523 514
0.734523 513
0.734523 512
0.734523 511
0.734523 510
0.734523 509
0.734523 508
0.734381 508
0.734381 507
0.734221 507
0.734221 506
0.734221 505
0.734221 504
0.734102 504
0.734102 503
0.733953 503
0.733823 503
0.733823 502
0.733687 502
0.733687 501
0.733687 500
0.733687 499
0.733557 499
0.733557 498
0.733557 497
0.733557 496
0.733557 495
0.733557 494
0.733557 493
0.733557 492
0.733557 491
0.733557 490
0.733557 489
0.733421 489
0.733299 489
0.733299 488
0.733299 487
0.733299 486
0.733299 485
0.733169 485
0.733017 485
0.733017 484
0.733017 483
0.733017 482
0.733017 481
0.733017 480
0.733017 479
0.732926 478
0.73277 478
0.73268 478
0.73268 477
0.73268 476
0.73268 475
0.73268 474
0.73268 473
0.732541 473
0.732541 472
0.732393 472
0.732393 471
0.732393 470
0.732393 469
0.732393 468
0.732393 467
0.732393 466
0.732393 465
0.732393 464
0.732393 463
0.732393 462
0.732393 461
0.732393 460
0.732235 460
0.732235 459
0.732116 459
0.731969 459
0.731969 458
0.731969 457
0.731969 456
0.731969 455
0.731969 454
0.731969 453
0.731969 452
0.731969 451
0.731969 450
0.731969 449
0.731969 448
0.731969 447
0.731969 446
0.731969 445
0.731824 445
0.731824 444
0.731824 443
0.731824 442
0.731824 441
0.73168 441
0.73168 440
0.73168 439
0.73168 438
0.73168 437
0.73168 436
0.73168 435
0.73168 434
0.73168 433
0.73168 432
0.731599 431
0.731599 430
0.731599 429
0.731599 428
0.731462 428
0.731462 427
0.731322 427
0.731165 427
0.731007 427
0.730888 427
0.730755 427
0.730755 426
0.730755 425
0.730755 424
0.730755 423
0.730755 422
0.730755 421
0.730755 420
0.730629 420
0.730629 419
0.730629 418
0.730629 417
0.730542 416
0.730405 416
0.730274 416
0.730274 415
0.730274 414
0.730261 413
0.730261 412
0.730261 411
0.730261 410
0.730261 409
0.730261 408
0.730261 407
0.730163 407
0.730163 406
0.730048 406
0.730048 405
0.730048 404
0.730048 403
0.729929 403
0.729929 402
0.729929 401
0.72983 401
0.729701 401
0.729701 400
0.729701 399
0.729592 399
0.729592 398
0.729592 397
0.729592 396
0.729592 395
0.729592 394
0.729592 393
0.729439 393
0.729439 392
0.729439 391
0.729439 390
0.729439 389
0.729439 388
0.729439 387
0.729439 386
0.729439 385
0.729439 384
0.729439 383
0.729439 382
0.729294 382
0.729294 381
0.72921 380
0.72908 380
0.728936 380
0.728936 379
0.728936 378
0.728936 377
0.728936 376
0.728819 376
0.728819 375
0.728819 374
0.728722 373
0.728609 373
0.728609 372
0.728468 372
0.728468 371
0.728468 370
0.728468 369
0.728468 368
0.728468 367
0.728468 366
0.728468 365
0.728468 364
0.728468 363
0.728329 363
0.728202 363
0.728062 363
0.727898 363
0.727898 362
0.727898 361
0.727785 361
0.727785 360
0.727785 359
0.727785 358
0.727662 358
0.727662 357
0.727662 356
0.727662 355
0.727538 355
0.727434 355
0.727434 354
0.727434 353
0.727357 352
0.727225 352
0.727225 351
0.727225 350
0.727225 349
0.727225 348
0.727225 347
0.727225 346
0.727225 345
0.727095 345
0.727095 344
0.727095 343
0.727095 342
0.727095 341
0.727095 340
0.727095 339
0.727095 338
0.727095 337
0.727095 336
0.727095 335
0.726941 335
0.726789 335
0.726642 335
0.726642 334
0.726642 333
0.726642 332
0.726642 331
0.726642 330
0.726642 329
0.726642 328
0.726642 327
0.726488 327
0.726488 326
0.726488 325
0.726488 324
0.726488 323
0.726488 322
0.726488 321
0.726488 320
0.726488 319
0.726332 319
0.72621 319
0.72621 318
0.72607 318
0.72607 317
0.72607 316
0.725922 316
0.725918 315
0.725804 315
0.725662 315
0.725662 314
0.725662 313
0.725662 312
0.725536 312
0.725411 312
0.725411 311
0.725286 311
0.725286 310
0.725286 309
0.725286 308
0.725153 308
0.725153 307
0.725153 306
0.725153 305
0.72502 305
0.72502 304
0.72502 303
0.72502 302
0.72502 301
0.72502 300
0.72502 299
0.724882 299
0.724882 298
0.724882 297
0.724882 296
0.724882 295
0.72475 295
0.72475 294
0.724609 294
0.724505 294
0.724364 294
0.724235 294
0.724235 293
0.724235 292
0.724235 291
0.724116 291
0.723993 291
0.723993 290
0.723846 290
0.723691 290
0.723691 289
0.723691 288
0.723545 288
0.723545 287
0.723545 286
0.723395 286
0.723395 285
0.723395 284
0.723395 283
0.723395 282
0.723395 281
0.723395 280
0.723395 279
0.723395 278
0.72325 278
0.723108 278
0.723108 277
0.723108 276
0.723108 275
0.723108 274
0.723108 273
0.723108 272
0.723108 271
0.723108 270
0.723108 269
0.723108 268
0.723108 267
0.723108 266
0.723108 265
0.723108 264
0.722967 264
0.722967 263
0.722967 262
0.722966 261
0.722966 260
0.722816 260
0.722692 260
0.722692 259
0.722563 259
0.722563 258
0.722563 257
0.722563 256
0.722415 256
0.722253 256
0.722169 255
0.722169 254
0.722036 254
0.722036 253
0.722036 252
0.722036 251
0.722036 250
0.722036 249
0.721901 249
0.721777 249
0.721777 248
0.721641 248
0.721484 248
0.721344 248
0.721211 248
0.721211 247
0.721211 246
0.721099 246
0.721099 245
0.721099 244
0.72095 244
0.72095 243
0.720797 243
0.720797 242
0.720797 241
0.720797 240
0.720797 239
0.720797 238
0.720797 237
0.720797 236
0.720663 236
0.72061 235
0.72061 234
0.720471 234
0.720471 233
0.720471 232
0.72031 232
0.72031 231
0.720165 231
0.720008 231
0.720008 230
0.720008 229
0.719907 229
0.719907 228
0.719907 227
0.719756 227
0.719756 226
0.719632 226
0.719536 225
0.719385 225
0.719385 224
0.719385 223
0.719385 222
0.71925 222
0.71925 221
0.71925 220
0.71925 219
0.719127 219
0.719127 218
0.719004 218
0.718886 218
0.718738 218
0.718591 218
0.718591 217
0.718453 217
0.718453 216
0.718453 215
0.718298 215
0.718298 214
0.718298 213
0.718298 212
0.718298 211
0.718163 211
0.718012 211
0.717906 211
0.717906 210
0.717759 210
0.717759 209
0.717754 208
0.717742 207
0.717619 207
0.717494 207
0.71736 207
0.717282 206
0.717135 206
0.717135 205
0.716971 205
0.716822 205
0.716822 204
0.716822 203
0.716704 203
0.716548 203
0.716394 203
0.716259 203
0.716259 202
0.716123 202
0.715966 202
0.715966 201
0.715835 201
0.715834 200
0.715697 200
0.71554 200
0.71554 199
0.715391 199
0.715391 198
0.715234 198
0.715234 197
0.715234 196
0.715234 195
0.715234 194
0.715234 193
0.715234 192
0.715234 191
0.715093 191
0.714941 191
0.714847 190
0.714847 189
0.714847 188
0.714847 187
0.714686 187
0.714686 186
0.714562 186
0.714562 185
0.714424 185
0.714282 185
0.714282 184
0.714169 184
0.714169 183
0.714169 182
0.714169 181
0.714038 181
0.713886 181
0.713886 180
0.713886 179
0.713743 179
0.713583 179
0.713438 179
0.713438 178
0.713291 178
0.71315 178
0.713009 178
0.712909 178
0.712909 177
0.71277 177
0.712612 177
0.712612 176
0.712612 175
0.712465 175
0.712465 174
0.712465 173
0.712465 172
0.712465 171
0.712465 170
0.712465 169
0.712305 169
0.712305 168
0.712152 168
0.712152 167
0.712003 167
0.712003 166
0.712003 165
0.711874 165
0.711874 164
0.711741 164
0.711584 164
0.711584 163
0.711423 163
0.711423 162
0.711423 161
0.711298 161
0.711298 160
0.711162 160
0.711007 160
0.710879 160
0.710879 159
0.710749 159
0.710749 158
0.710621 158
0.71048 158
0.710329 158
0.710185 158
0.710041 158
0.710041 157
0.710041 156
0.709908 156
0.709908 155
0.709908 154
0.709763 154
0.709628 154
0.709628 153
0.709538 152
0.709397 152
0.709254 152
0.709254 151
0.709254 150
0.70912 150
0.708971 150
0.708971 149
0.708971 148
0.708822 148
0.708688 148
0.70855 148
0.708403 148
0.708403 147
0.708403 146
0.708263 146
0.708263 145
0.708151 145
0.708035 145
0.708035 144
0.707868 144
0.707868 143
0.707725 143
0.707581 143
0.707459 143
0.707336 143
0.707186 143
0.707186 142
0.70704 142
0.70704 141
0.706902 141
0.706766 141
0.706621 141
0.706621 140
0.706467 140
0.706323 140
0.706323 139
0.706168 139
0.706028 139
0.706028 138
0.705876 138
0.705712 138
0.705571 138
0.705423 138
0.705423 137
0.705423 136
0.705423 135
0.705423 134
0.705423 133
0.705271 133
0.705126 133
0.704995 133
0.704865 133
0.704758 133
0.704599 133
0.704449 133
0.704449 132
0.704314 132
0.704187 132
0.704187 131
0.704055 131
0.703903 131
0.70376 131
0.70376 130
0.70376 129
0.703603 129
0.703463 129
0.703463 128
0.703463 127
0.703331 127
0.703192 127
0.703033 127
0.702906 127
0.702752 127
0.702752 126
0.702596 126
0.702453 126
0.702332 126
0.702332 125
0.702187 125
0.702187 124
0.702187 123
0.702177 122
0.702039 122
0.701905 122
0.701905 121
0.701905 120
0.701776 120
0.701625 120
0.701625 119
0.701478 119
0.701326 119
0.701171 119
0.701029 119
0.701029 118
0.700895 118
0.700895 117
0.700895 116
0.700895 115
0.700772 115
0.700772 114
0.700625 114
0.700487 114
0.700487 113
0.700359 113
0.700212 113
0.700074 113
0.699931 113
0.699797 113
0.699672 113
0.699672 112
0.69952 112
0.69952 111
0.69952 110
0.69952 109
0.69952 108
0.69952 107
0.699366 107
0.699366 106
0.699249 106
0.699249 105
0.699115 105
0.699115 104
0.699115 103
0.699115 102
0.69896 102
0.698806 102
0.698669 102
0.698534 102
0.698534 101
0.698399 101
0.698242 101
0.698092 101
0.697942 101
0.697781 101
0.697628 101
0.697628 100
0.697482 100
0.697344 100
0.697202 100
0.697078 100
0.696928 100
0.696791 100
0.696791 99
0.696638 99
0.696511 99
0.696368 99
0.696221 99
0.696078 99
0.695922 99
0.695801 99
0.695801 98
0.695801 97
0.695801 96
0.69565 96
0.69565 95
0.695518 95
0.695518 94
0.695374 94
0.695374 93
0.695247 93
0.695107 93
0.695107 92
0.694959 92
0.694826 92
0.694826 91
0.694692 91
0.694692 90
0.69457 90
0.694432 90
0.694284 90
0.694284 89
0.694133 89
0.694133 88
0.694006 88
0.693846 88
0.693707 88
0.693707 87
0.693552 87
0.693405 87
0.693405 86
0.693266 86
0.693266 85
0.693129 85
0.69298 85
0.69284 85
0.692745 84
0.692612 84
0.692466 84
0.692318 84
0.692179 84
0.692045 84
0.692045 83
0.6919 83
0.6919 82
0.691789 82
0.691637 82
0.69149 82
0.691352 82
0.691352 81
0.691352 80
0.691212 80
0.691072 80
0.691072 79
0.690936 79
0.69079 79
0.690628 79
0.690502 79
0.690347 79
0.690195 79
0.690195 78
0.690057 78
0.689926 78
0.689778 78
0.689654 78
0.689508 78
0.68936 78
0.689203 78
0.689049 78
0.688905 78
0.688773 78
0.688634 78
0.6885 78
0.6885 77
0.6885 76
0.6885 75
0.6885 74
0.6885 73
0.688376 73
0.688376 72
0.688258 72
0.688107 72
0.687956 72
0.687956 71
0.687803 71
0.687667 71
0.687533 71
0.687386 71
0.68722 71
0.68722 70
0.68722 69
0.68722 68
0.68722 67
0.68722 66
0.68722 65
0.687074 65
0.686933 65
0.686771 65
0.686771 64
0.686632 64
0.686496 64
0.686496 63
0.686496 62
0.686345 62
0.686187 62
0.686028 62
0.685904 62
0.685768 62
0.685612 62
0.685455 62
0.685455 61
0.685304 61
0.685304 60
0.68515 60
0.68515 59
0.684995 59
0.68484 59
0.68484 58
0.68484 57
0.684696 57
0.68456 57
0.68456 56
0.684406 56
0.684271 56
0.684114 56
0.684114 55
0.683964 55
0.683817 55
0.683666 55
0.683517 55
0.683364 55
0.683234 55
0.683118 55
0.682954 55
0.682799 55
0.682675 55
0.68254 55
0.682397 55
0.682254 55
0.682103 55
0.682103 54
0.681949 54
0.681821 54
0.681672 54
0.681519 54
0.681376 54
0.681221 54
0.681092 54
0.681092 53
0.680955 53
0.680808 53
0.680659 53
0.68052 53
0.680384 53
0.680384 52
0.680267 52
0.680126 52
0.679989 52
0.679843 52
0.67968 52
0.67953 52
0.679375 52
0.679227 52
0.679072 52
0.678926 52
0.678782 52
0.678634 52
0.678504 52
0.678355 52
0.678204 52
0.678057 52
0.677912 52
0.67777 52
0.677628 52
0.677477 52
0.677477 51
0.677326 51
0.677326 50
0.677326 49
0.67717 49
0.67717 48
0.677028 48
0.676925 48
0.676778 48
0.676618 48
0.676479 48
0.67633 48
0.676182 48
0.676024 48
0.676024 47
0.675874 47
0.675721 47
0.675571 47
0.675424 47
0.675286 47
0.675286 46
0.675145 46
0.674986 46
0.674833 46
0.674674 46
0.674674 45
0.674528 45
0.674386 45
0.674247 45
0.67412 45
0.67412 44
0.673976 44
0.673824 44
0.673673 44
0.673522 44
0.673229 44
0.673098 44
0.672982 44
0.672841 44
0.672841 43
0.672695 43
0.67255 43
0.672407 43
0.672255 43
0.672104 43
0.671976 43
0.67183 43
0.671698 43
0.671543 43
0.671399 43
0.671265 43
0.671265 42
0.671126 42
0.671009 42
0.670852 42
0.670696 42
0.670559 42
0.670406 42
0.670266 42
0.670112 42
0.669948 42
0.669816 42
0.669665 42
0.669533 42
0.669384 42
0.669255 42
0.669103 42
0.66897 42
0.66897 41
0.668815 41
0.668689 41
0.668554 41
0.66841 41
0.668257 41
0.668104 41
0.66797 41
0.667813 41
0.667675 41
0.667539 41
0.667389 41
0.667235 41
0.667076 41
0.66692 41
0.666764 41
0.666617 41
0.666471 41
0.666471 40
0.666331 40
0.666178 40
0.66603 40
0.665883 40
0.665883 39
0.665883 38
0.66574 38
0.66574 37
0.66574 36
0.665587 36
0.665472 36
0.665472 35
0.665327 35
0.665177 35
0.665177 34
0.665046 34
0.664899 34
0.664757 34
0.664629 34
0.664478 34
0.664326 34
0.664176 34
0.664019 34
0.663909 34
0.663773 34
0.663637 34
0.663485 34
0.66334 34
0.66318 34
0.663043 34
0.662897 34
0.66275 34
0.662605 34
0.66247 34
0.662316 34
0.66216 34
0.662014 34
0.661858 34
0.661711 34
0.661561 34
0.661558 33
0.661426 33
0.661281 33
0.661142 33
0.660985 33
0.660825 33
0.660672 33
0.660508 33
0.660353 33
0.660227 33
0.660073 33
0.659924 33
0.659783 33
0.659638 33
0.65949 33
0.659344 33
0.659198 33
0.659198 32
0.659077 32
0.658939 32
0.658783 32
0.658628 32
0.658481 32
0.658333 32
0.658179 32
0.658082 31
0.657936 31
0.657785 31
0.657634 31
0.65748 31
0.657382 31
0.65724 31
0.65724 30
0.657111 30
0.656987 30
0.65682 30
0.656667 30
0.656509 30
0.656357 30
0.656237 30
0.656097 30
0.655944 30
0.655805 30
0.65565 30
0.655488 30
0.655488 29
0.655361 29
0.655233 29
0.655104 29
0.655104 28
0.654947 28
0.654809 28
0.654658 28
0.654514 28
0.654362 28
0.654224 28
0.654081 28
0.653929 28
0.653929 27
0.653929 26
0.653771 26
0.653613 26
0.653613 25
0.653613 24
0.653461 24
0.653315 24
0.653169 24
0.653011 24
0.652849 24
0.652716 24
0.65256 24
0.652416 24
0.652279 24
0.652279 23
0.652125 23
0.65199 23
0.651821 23
0.651668 23
0.651517 23
0.651374 23
0.651218 23
0.651067 23
0.650928 23
0.650764 23
0.65061 23
0.650462 23
0.650322 23
0.650203 23
0.650054 23
0.649894 23
0.649748 23
0.649592 23
0.649428 23
0.649309 23
0.649179 23
0.649046 23
0.648895 23
0.648895 22
0.648751 22
0.648603 22
0.64845 22
0.64845 21
0.64845 20
0.648295 20
0.648152 20
0.647989 20
0.647838 20
0.647704 20
0.647558 20
0.647393 20
0.647257 20
0.647131 20
0.646978 20
0.646825 20
0.646689 20
0.646557 20
0.646403 20
0.646252 20
0.64612 20
0.645965 20
0.645805 20
0.645659 20
0.645519 20
0.645365 20
0.6452 20
0.645068 20
0.644919 20
0.644772 20
0.644772 19
0.644618 19
0.644491 19
0.644364 19
0.644218 19
0.644081 19
0.643941 19
0.643794 19
0.643794 18
0.643641 18
0.643492 18
0.643349 18
0.6432 18
0.643041 18
0.642887 18
0.642724 18
0.642574 18
0.642417 18
0.642276 18
0.642127 18
0.641978 18
0.641834 18
0.641697 18
0.641559 18
0.641422 18
0.641282 18
0.641126 18
0.640994 18
0.640861 18
0.640715 18
0.640575 18
0.640427 18
0.64028 18
0.640131 18
0.639991 18
0.639861 18
0.639721 18
0.639562 18
0.639407 18
0.639254 18
0.6391 18
0.638941 18
0.638786 18
0.638639 18
0.638472 18
0.638316 18
0.638158 18
0.638 18
0.637865 18
0.637715 18
0.637573 18
0.637427 18
0.637287 18
0.637287 17
0.63713 17
0.636977 17
0.636853 17
0.636702 17
0.63655 17
0.636411 17
0.636259 17
0.636101 17
0.635963 17
0.635808 17
0.63567 17
0.635533 17
0.635401 17
0.635275 17
0.635127 17
0.634989 17
0.634833 17
0.634675 17
0.634553 17
0.634397 17
0.63425 17
0.63411 17
0.633961 17
0.633818 17
0.633666 17
0.63352 17
0.633362 17
0.63322 17
0.633061 17
0.632908 17
0.632751 17
0.632607 17
0.632466 17
0.632313 17
0.632171 17
0.632012 17
0.631861 17
0.631716 17
0.631605 17
0.631454 17
0.631295 17
0.631146 17
0.631146 16
0.630997 16
0.630868 16
0.630709 16
0.63058 16
0.630438 16
0.630287 16
0.630127 16
0.629877 16
0.629877 15
0.629738 15
0.629585 15
0.629433 15
0.629286 15
0.629133 15
0.628992 15
0.628851 15
0.62871 15
0.628557 15
0.628403 15
0.628265 15
0.628115 15
0.627962 15
0.627826 15
0.627673 15
0.627531 15
0.627378 15
0.62722 15
0.627086 15
0.626933 15
0.626797 15
0.626654 15
0.626509 15
0.626357 15
0.626207 15
0.62606 15
0.625903 15
0.625752 15
0.625598 15
0.625449 15
0.625321 15
0.625178 15
0.625028 15
0.624878 15
0.624723 15
0.624564 15
0.624443 15
0.624294 15
0.624146 15
0.623997 15
0.623868 15
0.623575 15
0.623434 15
0.623289 15
0.623146 15
0.622996 15
0.622848 15
0.622699 15
0.622543 15
0.622394 15
0.622239 15
0.62211 15
0.621956 15
0.621801 15
0.621655 15
0.621655 14
0.621497 14
0.62135 14
0.621196 14
0.62106 14
0.620903 14
0.620771 14
0.620614 14
0.620469 14
0.620324 14
0.620168 14
0.620014 14
0.619861 14
0.619731 14
0.619599 14
0.619452 14
0.619306 14
0.619152 14
0.619013 14
0.618884 14
0.618739 14
0.618581 14
0.618421 14
0.618295 14
0.618137 14
0.617993 14
0.617842 14
0.617697 14
0.617537 14
0.617404 14
0.617249 14
0.617092 14
0.616938 14
0.6168 14
0.616643 14
0.616493 14
0.616331 14
0.616171 14
0.616024 14
0.615881 14
0.615719 14
0.615553 14
0.615412 14
0.615282 14
0.61514 14
0.61498 14
0.614831 14
0.614661 14
0.614513 14
0.614366 14
0.614209 14
0.614063 14
0.613914 14
0.613756 14
0.613599 14
0.613442 14
0.613283 14
0.613138 14
0.612986 14
0.612832 14
0.612676 14
0.612522 14
0.61237 14
0.612223 14
0.612076 14
0.611926 14
0.611768 14
0.611616 14
0.611465 14
0.611317 14
0.611183 14
0.611036 14
0.610882 14
0.610722 14
0.610722 13
0.610722 12
0.610566 12
0.61042 12
0.610266 12
0.610122 12
0.609996 12
0.609837 12
0.609678 12
0.609528 12
0.609383 12
0.609229 12
0.609096 12
0.608941 12
0.608796 12
0.608643 12
0.608506 12
0.608373 12
0.608212 12
0.608058 12
0.607921 12
0.607781 12
0.60763 12
0.607487 12
0.607324 12
0.607164 12
0.607002 12
0.606848 12
0.606848 11
0.6067 11
0.606556 11
0.606408 11
0.606263 11
0.606121 11
0.605988 11
0.605865 11
0.605712 11
0.605556 11
0.605404 11
0.605246 11
0.605087 11
0.604932 11
0.604782 11
0.604628 11
0.604477 11
0.604338 11
0.604191 11
0.604026 11
0.603877 11
0.603719 11
0.60357 11
0.603413 11
0.603267 11
0.603105 11
0.602958 11
0.602812 11
0.602671 11
0.602534 11
0.602379 11
0.602222 11
0.602074 11
0.601914 11
0.601781 11
0.601625 11
0.601469 11
0.601315 11
0.60118 11
0.601039 11
0.600892 11
0.600736 11
0.600585 11
0.600438 11
0.600293 11
0.600131 11
0.599973 11
0.599824 11
0.599672 11
0.59952 11
0.599385 11
0.599258 11
0.59911 11
0.598985 11
0.598833 11
0.598702 11
0.59855 11
0.598415 11
0.598282 11
0.598138 11
0.59798 11
0.597825 11
0.59767 11
0.597523 11
0.597364 11
0.597212 11
0.597078 11
0.596948 11
0.596793 11
0.59664 11
0.596487 11
0.596348 11
0.596201 11
0.596055 11
0.595914 11
0.59577 11
0.595617 11
0.595462 11
0.595311 11
0.595157 11
0.595015 11
0.594855 11
0.594736 11
0.594586 11
0.594443 11
0.594289 11
0.594136 11
0.593989 11
0.593832 11
0.593679 11
0.593524 11
0.593371 11
0.593217 11
0.59307 11
0.592927 11
0.592762 11
0.592598 11
0.59244 11
0.592291 11
0.592143 11
0.591998 11
0.591885 11
0.591738 11
0.59158 11
0.591432 11
0.591291 11
0.59115 11
0.590993 11
0.590848 11
0.590706 11
0.590554 11
0.590395 11
0.590236 11
0.590089 11
0.58995 11
0.589785 11
0.589625 11
0.589458 11
0.589312 11
0.589312 10
0.58918 10
0.589017 10
0.588867 10
0.588743 10
0.588584 10
0.588438 10
0.588283 10
0.58813 10
0.587975 10
0.587821 10
0.587662 10
0.587522 10
0.587378 10
0.587237 10
0.587087 10
0.586931 10
0.586786 10
0.586641 10
0.586492 10
0.586363 10
0.586203 10
0.586039 10
0.585881 10
0.585731 10
0.58559 10
0.585436 10
0.585289 10
0.585137 10
0.584988 10
0.584842 10
0.584697 10
0.58454 10
0.584391 10
0.584254 10
0.584115 10
0.583969 10
0.583822 10
0.583663 10
0.583505 10
0.583355 10
0.583193 10
0.58305 10
0.582915 10
0.582765 10
0.58263 10
0.582471 10
0.582333 10
0.582186 10
0.582059 10
0.581908 10
0.58177 10
0.581617 10
0.581481 10
0.581337 10
0.581185 10
0.581045 10
0.580894 10
0.580735 10
0.5806 10
0.580445 10
0.580291 10
0.580139 10
0.579999 10
0.579999 9
0.579863 9
0.579707 9
0.579549 9
0.579403 9
0.579253 9
0.579101 9
0.578952 9
0.578803 9
0.578657 9
0.578513 9
0.578354 9
0.578203 9
0.578042 9
0.577887 9
0.577732 9
0.577634 9
0.577491 9
0.57735 9
0.577199 9
0.577075 9
0.576776 9
0.576627 9
0.576466 9
0.576306 9
0.576183 9
0.576026 9
0.575878 9
0.57573 9
0.575573 9
0.575424 9
0.575254 9
0.575108 9
0.575108 8
0.574954 8
0.574797 8
0.574637 8
0.574464 8
0.574328 8
0.574179 8
0.574026 8
0.573883 8
0.573725 8
0.573566 8
0.573435 8
0.573297 8
0.573139 8
0.572982 8
0.572832 8
0.57268 8
0.572542 8
0.572387 8
0.572242 8
0.572089 8
0.571808 8
0.571656 8
0.571498 8
0.571356 8
0.571197 8
0.571062 8
0.570904 8
0.570759 8
0.570608 8
0.57047 8
0.570319 8
0.570173 8
0.570027 8
0.569869 8
0.569716 8
0.569559 8
0.569413 8
0.569124 8
0.568978 8
0.568834 8
0.568676 8
0.568529 8
0.568374 8
0.568219 8
0.568068 8
0.567928 8
0.567774 8
0.567626 8
0.567471 8
0.567326 8
0.567195 8
0.56706 8
0.566904 8
0.566752 8
0.566597 8
0.566444 8
0.566297 8
0.566135 8
0.565987 8
0.565835 8
0.565682 8
0.565526 8
0.565394 8
0.565242 8
0.565085 8
0.564933 8
0.56479 8
0.56466 8
0.564514 8
0.564361 8
0.564218 8
0.564058 8
0.563904 8
0.563754 8
0.563618 8
0.563474 8
0.563316 8
0.563172 8
0.563024 8
0.562867 8
0.562725 8
0.562578 8
0.56242 8
0.562264 8
0.562122 8
0.561971 8
0.561845 8
0.561704 8
0.561549 8
0.561393 8
0.561233 8
0.561084 8
0.560942 8
0.560792 8
0.560639 8
0.560485 8
0.560329 8
0.56018 8
0.560021 8
0.559862 8
0.559714 8
0.559569 8
0.559423 8
0.559278 8
0.559125 8
0.558983 8
0.558838 8
0.558685 8
0.558552 8
0.558406 8
0.55826 8
0.558093 8
0.557935 8
0.557788 8
0.55764 8
0.557493 8
0.557351 8
0.557196 8
0.557038 8
0.556881 8
0.556725 8
0.556577 8
0.556418 8
0.55628 8
0.556131 8
0.555988 8
0.555832 8
0.555688 8
0.555537 8
0.555382 8
0.555222 8
0.555068 8
0.554916 8
0.554776 8
0.554624 8
0.554471 8
0.554316 8
0.554169 8
0.554014 8
0.553868 8
0.553561 8
0.553411 8
0.55326 8
0.553113 8
0.552953 8
0.552812 8
0.552648 8
0.552502 8
0.552346 8
0.552192 8
0.552044 8
0.551891 8
0.551736 8
0.55158 8
0.551427 8
0.551141 8
0.550987 8
0.550834 8
0.550677 8
0.550545 8
0.550399 8
0.550246 8
0.550088 8
0.549931 8
0.549777 8
0.549636 8
0.549492 8
0.54935 8
0.549204 8
0.549055 8
0.548897 8
0.548764 8
0.54864 8
0.548498 8
0.548349 8
0.548205 8
0.548094 8
0.547956 8
0.54781 8
0.54766 8
0.547502 8
0.547348 8
0.547192 8
0.547039 8
0.546885 8
0.546736 8
0.546588 8
0.54646 8
0.546307 8
0.546018 8
0.545877 8
0.545721 8
0.545574 8
0.545415 8
0.545264 8
0.545106 8
0.544968 8
0.54481 8
0.544663 8
0.54451 8
0.544357 8
0.544216 8
0.544058 8
0.543907 8
0.543757 8
0.543611 8
0.543465 8
0.543317 8
0.543183 8
0.543029 8
0.542893 8
0.542739 8
0.542605 8
0.542469 8
0.542317 8
0.542178 8
0.542024 8
0.541882 8
0.541736 8
0.541579 8
0.541429 8
0.541285 8
0.541138 8
0.540985 8
0.540837 8
0.540698 8
0.540547 8
0.540393 8
0.540239 8
0.540081 8
0.539933 8
0.539779 8
0.539636 8
0.539479 8
0.539346 8
0.539196 8
0.539046 8
0.538903 8
0.538758 8
0.538439 8
0.538295 8
0.538162 8
0.538012 8
0.537855 8
0.537704 8
0.537552 8
0.537406 8
0.537242 8
0.537098 8
0.536939 8
0.536786 8
0.536633 8
0.536483 8
0.536326 8
0.536172 8
0.536019 8
0.535864 8
0.535708 8
0.535552 8
0.535401 8
0.53524 8
0.535095 8
0.534949 8
0.534814 8
0.534662 8
0.534514 8
0.534206 8
0.534052 8
0.533902 8
0.533752 8
0.533597 8
0.533449 8
0.533294 8
0.533147 8
0.532987 8
0.532832 8
0.532684 8
0.53253 8
0.532375 8
0.532252 8
0.532104 8
0.531952 8
0.531814 8
0.531691 8
0.53155 8
0.531393 8
0.531236 8
0.531083 8
0.530935 8
0.530781 8
0.53063 8
0.530474 8
0.530326 8
0.530181 8
0.530031 8
0.52988 8
0.529727 8
0.529575 8
0.529423 8
0.529286 8
0.529133 8
0.528984 8
0.52884 8
0.528685 8
0.528536 8
0.528386 8
0.528238 8
0.528084 8
0.527934 8
0.527789 8
0.527671 8
0.527524 8
0.52737 8
0.52723 8
0.527088 8
0.526936 8
0.526782 8
0.526627 8
0.526482 8
0.526323 8
0.526164 8
0.526021 8
0.525866 8
0.525713 8
0.525571 8
0.525421 8
0.525264 8
0.525109 8
0.524953 8
0.524818 8
0.524674 8
0.524516 8
0.524376 8
0.524221 8
0.524077 8
0.523921 8
0.523771 8
0.523615 8
0.523458 8
0.523301 8
0.523152 8
0.522854 8
0.522699 8
0.522541 8
0.522388 8
0.522232 8
0.522096 8
0.521943 8
0.521795 8
0.521629 8
0.521472 8
0.521331 8
0.521184 8
0.521029 8
0.52088 8
0.520722 8
0.520617 8
0.52047 8
0.520193 8
0.520043 8
0.519915 8
0.519761 8
0.519608 8
0.519455 8
0.5193 8
0.51901 8
0.518859 8
0.518707 8
0.51858 8
0.518429 8
0.518295 8
0.518144 8
0.517988 8
0.517841 8
0.51769 8
0.517532 8
0.517377 8
0.517236 8
0.517091 8
0.516943 8
0.516794 8
0.516654 8
0.516496 8
0.516339 8
0.516212 8
0.516076 8
0.515759 8
0.515473 8
0.515323 8
0.515165 8
0.515014 8
0.514874 8
0.514727 8
0.514568 8
0.514419 8
0.514264 8
0.514108 8
0.513952 8
0.513629 8
0.513471 8
0.51331 8
0.513161 8
0.51286 8
0.512705 8
0.512557 8
0.512259 8
0.51211 8
0.511983 8
0.511824 8
0.511824 7
0.51167 7
0.511523 7
0.511366 7
0.511241 7
0.511098 7
0.510945 7
0.510789 7
0.510656 7
0.510509 7
0.510352 7
0.510196 7
0.510044 7
0.509889 7
0.509755 7
0.509615 7
0.509484 7
0.509337 7
0.50904 7
0.508898 7
0.508743 7
0.50859 7
0.508438 7
0.508285 7
0.508129 7
0.507986 7
0.507838 7
0.507685 7
0.507531 7
0.507374 7
0.507219 7
0.507069 7
0.506751 7
0.506595 7
0.506439 7
0.506289 7
0.506138 7
0.506002 7
0.505851 7
0.505732 7
0.505584 7
0.505427 7
0.505137 7
0.504982 7
0.504841 7
0.504694 7
0.504542 7
0.504384 7
0.504227 7
0.50408 7
0.503922 7
0.503776 7
0.503645 7
0.503509 7
0.503357 7
0.503205 7
0.503047 7
0.502908 7
0.502755 7
0.502603 7
0.50247 7
0.502314 7
0.502184 7
0.502035 7
0.501883 7
0.501733 7
0.50158 7
0.501431 7
0.501291 7
0.501147 7
0.500849 7
0.50069 7
0.500545 7
0.500397 7
0.500248 7
0.500103 7
0.499962 7
0.499805 7
0.499663 7
0.499512 7
0.499367 7
0.499221 7
0.499071 7
0.498926 7
0.498768 7
0.498619 7
0.49847 7
0.498317 7
0.498175 7
0.498027 7
0.497881 7
0.497731 7
0.497585 7
0.497425 7
0.497274 7
0.497122 7
0.496981 7
0.496829 7
0.496677 7
0.496528 7
0.496375 7
0.496244 7
0.496099 7
0.495941 7
0.495785 7
0.495639 7
0.495494 7
0.495341 7
0.495184 7
0.49504 7
0.494886 7
0.494739 7
0.494595 7
0.49445 7
0.494305 7
0.494162 7
0.493864 7
0.493718 7
0.493432 7
0.493159 7
0.493003 7
0.49285 7
0.4927 7
0.492554 7
0.492399 7
0.492245 7
0.492093 7
0.491939 7
0.491817 7
0.491685 7
0.491524 7
0.491359 7
0.491206 7
0.491064 7
0.490928 7
0.490774 7
0.490624 7
0.490472 7
0.490338 7
0.490187 7
0.490046 7
0.489895 7
0.489746 7
0.4896 7
0.489445 7
0.489284 7
0.489143 7
0.488987 7
0.488833 7
0.488675 7
0.488515 7
0.488362 7
0.488225 7
0.488079 7
0.487927 7
0.487775 7
0.487622 7
0.487469 7
0.487181 7
0.487026 7
0.486882 7
0.486724 7
0.486574 7
0.48642 7
0.486259 7
0.48596 7
0.485809 7
0.485656 7
0.485346 7
0.485191 7
0.485048 7
0.484895 7
0.484734 7
0.484593 7
0.484452 7
0.484142 7
0.483991 7
0.48384 7
0.483686 7
0.483528 7
0.483393 7
0.483245 7
0.4831 7
0.482945 7
0.482797 7
0.482656 7
0.482517 7
0.482358 7
0.4822 7
0.481889 7
0.481731 7
0.481576 7
0.481416 7
0.481269 7
0.481133 7
0.481 7
0.480842 7
0.480686 7
0.480533 7
0.480374 7
0.480219 7
0.480061 7
0.479912 7
0.479777 7
0.479623 7
0.479476 7
0.479328 7
0.479176 7
0.479019 7
0.47886 7
0.478707 7
0.478554 7
0.478398 7
0.478238 7
0.478236 6
0.47807 6
0.477924 6
0.477771 6
0.477627 6
0.477499 6
0.47734 6
0.47721 6
0.476895 6
0.476739 6
0.476591 6
0.476433 6
0.476286 6
0.476141 6
0.475983 6
0.475824 6
0.475667 6
0.475518 6
0.475367 6
0.475214 6
0.47506 6
0.474902 6
0.4746 6
0.474448 6
0.474307 6
0.474157 6
0.474005 6
0.473849 6
0.473705 6
0.47355 6
0.473407 6
0.473254 6
0.4731 6
0.472945 6
0.472789 6
0.472643 6
0.472496 6
0.472336 6
0.472178 6
0.472029 6
0.471873 6
0.471732 6
0.471579 6
0.471432 6
0.471278 6
0.471124 6
0.47097 6
0.47083 6
0.470674 6
0.470525 6
0.470374 6
0.47022 6
0.47022 5
0.470084 5
0.469946 5
0.46979 5
0.469639 5
0.469479 5
0.469325 5
0.469183 5
0.469041 5
0.468899 5
0.468745 5
0.468599 5
0.46845 5
0.468294 5
0.468153 5
0.468019 5
0.467858 5
0.467709 5
0.467559 5
0.467412 5
0.467254 5
0.4671 5
0.466957 5
0.466811 5
0.466657 5
0.466502 5
0.466339 5
0.46618 5
0.466031 5
0.465878 5
0.465729 5
0.465574 5
0.465423 5
0.465277 5
0.465144 5
0.464993 5
0.464853 5
0.464702 5
0.464563 5
0.464416 5
0.464257 5
0.464102 5
0.463942 5
0.463803 5
0.463648 5
0.4635 5
0.463357 5
0.463219 5
0.463068 5
0.462914 5
0.462764 5
0.462605 5
0.462454 5
0.462302 5
0.462141 5
0.461816 5
0.461507 5
0.461357 5
0.461209 5
0.461051 5
0.460896 5
0.460754 5
0.460601 5
0.460446 5
0.460307 5
0.460156 5
0.460036 5
0.459723 5
0.459568 5
0.45942 5
0.459266 5
0.459109 5
0.458955 5
0.458797 5
0.458652 5
0.458501 5
0.458356 5
0.458213 5
0.458055 5
0.457902 5
0.457744 5
0.457744 4
0.457584 4
0.457445 4
0.4573 4
0.457152 4
0.457 4
0.456852 4
0.456696 4
0.456548 4
0.456392 4
0.45624 4
0.456093 4
0.455946 4
0.455816 4
0.455677 4
0.455531 4
0.455386 4
0.455227 4
0.455081 4
0.454924 4
0.454772 4
0.454629 4
0.454476 4
0.454322 4
0.454181 4
0.45403 4
0.453882 4
0.453584 4
0.453425 4
0.453276 4
0.453118 4
0.452967 4
0.452813 4
0.452661 4
0.452511 4
0.452365 4
0.452219 4
0.452067 4
0.451928 4
0.451784 4
0.451638 4
0.451483 4
0.451323 4
0.451165 4
0.451014 4
0.450854 4
0.450562 4
0.450411 4
0.450253 4
0.4501 4
0.449946 4
0.449794 4
0.449638 4
0.449482 4
0.449173 4
0.449016 4
0.448862 4
0.448715 4
0.448564 4
0.448429 4
0.448283 4
0.447986 4
0.447841 4
0.447709 4
0.447548 4
0.447399 4
0.447263 4
0.447102 4
0.446947 4
0.446656 4
0.4465 4
0.446349 4
0.446197 4
0.446051 4
0.44588 4
0.445727 4
0.44557 4
0.445423 4
0.445272 4
0.445127 4
0.44498 4
0.444829 4
0.444671 4
0.444532 4
0.444389 4
0.444272 4
0.443982 4
0.443834 4
0.443681 4
0.443526 4
0.443369 4
0.44322 4
0.44306 4
0.442921 4
0.442792 4
0.442639 4
0.442486 4
0.44233 4
0.442022 4
0.441904 4
0.441754 4
0.441441 4
0.441303 4
0.441149 4
0.441001 4
0.440844 4
0.440688 4
0.440542 4
0.440405 4
0.44025 4
0.440097 4
0.439939 4
0.439788 4
0.439638 4
0.43949 4
0.439339 4
0.439196 4
0.439051 4
0.438902 4
0.438756 4
0.438605 4
0.438448 4
0.438294 4
0.438149 4
0.437994 4
0.437841 4
0.437684 4
0.437537 4
0.437386 4
0.437224 4
0.436927 4
0.43663 4
0.436481 4
0.436176 4
0.436034 4
0.435885 4
0.435726 4
0.435576 4
0.435418 4
0.435263 4
0.435106 4
0.434949 4
0.434792 4
0.434634 4
0.434493 4
0.434353 4
0.434199 4
0.433917 4
0.433775 4
0.433628 4
0.433471 4
0.43333 4
0.433173 4
0.433013 4
0.432881 4
0.432741 4
0.432597 4
0.432446 4
0.43229 4
0.432145 4
0.431994 4
0.431834 4
0.431715 4
0.431574 4
0.431419 4
0.431262 4
0.431113 4
0.43097 4
0.430847 4
0.430689 4
0.43054 4
0.430384 4
0.430248 4
0.430097 4
0.429947 4
0.429786 4
0.429639 4
0.429485 4
0.429325 4
0.429179 4
0.42902 4
0.428912 4
0.428771 4
0.42846 4
0.428302 4
0.428151 4
0.428011 4
0.427858 4
0.427701 4
0.427558 4
0.427401 4
0.427261 4
0.427107 4
0.426819 4
0.426666 4
0.426524 4
0.426205 4
0.426053 4
0.425907 4
0.425607 4
0.425458 4
0.42532 4
0.425161 4
0.425016 4
0.424881 4
0.424743 4
0.424591 4
0.424432 4
0.424305 4
0.424163 4
0.423881 4
0.423728 4
0.423585 4
0.423434 4
0.423122 4
0.422964 4
0.422808 4
0.422666 4
0.422513 4
0.42237 4
0.422049 4
0.421906 4
0.421597 4
0.421287 4
0.421144 4
0.420998 4
0.420867 4
0.420714 4
0.420566 4
0.42041 4
0.420251 4
0.420104 4
0.419815 4
0.419674 4
0.41952 4
0.419367 4
0.419214 4
0.419049 4
0.41892 4
0.418765 4
0.418615 4
0.418478 4
0.418324 4
0.418169 4
0.418019 4
0.417862 4
0.417711 4
0.417549 4
0.417389 4
0.417237 4
0.417105 4
0.416948 4
0.416806 4
0.41665 4
0.416503 4
0.416346 4
0.416206 4
0.416051 4
0.415897 4
0.415597 4
0.415439 4
0.415133 4
0.414984 4
0.414832 4
0.414701 4
0.414548 4
0.414408 4
0.414263 4
0.414117 4
0.413961 4
0.41381 4
0.413657 4
0.41334 4
0.413221 4
0.413065 4
0.412915 4
0.41277 4
0.412617 4
0.412311 4
0.412168 4
0.412019 4
0.411862 4
0.411714 4
0.411559 4
0.411404 4
0.411244 4
0.411106 4
0.410803 4
0.410507 4
0.410351 4
0.409916 4
0.409759 4
0.409605 4
0.409455 4
0.409296 4
0.409142 4
0.409009 4
0.408706 4
0.408548 4
0.408419 4
0.408267 4
0.408113 4
0.407954 4
0.407804 4
0.407669 4
0.40751 4
0.40736 4
0.407213 4
0.407057 4
0.406907 4
0.406753 4
0.406596 4
0.406443 4
0.406302 4
0.406155 4
0.406001 4
0.40584 4
0.405688 4
0.405556 4
0.405408 4
0.405261 4
0.405123 4
0.404978 4
0.404818 4
0.404676 4
0.404523 4
0.404378 4
0.404221 4
0.404064 4
0.403918 4
0.40377 4
0.40362 4
0.403472 4
0.403328 4
0.403185 4
0.403035 4
0.402893 4
0.402737 4
0.402582 4
0.402441 4
0.402304 4
0.402161 4
0.402004 4
0.401859 4
0.401717 4
0.401559 4
0.401418 4
0.401277 4
0.401135 4
0.400986 4
0.400829 4
0.40069 4
0.40053 4
0.400374 4
0.40022 4
0.400071 4
0.399926 4
0.399771 4
0.399626 4
0.399468 4
0.399339 4
0.399179 4
0.39904 4
0.398887 4
0.398743 4
0.398591 4
0.398435 4
0.398281 4
0.39813 4
0.397983 4
0.397833 4
0.397681 4
0.397526 4
0.39738 4
0.39722 4
0.39707 4
0.39692 4
0.396774 4
0.396636 4
0.396486 4
0.396343 4
0.39619 4
0.396036 4
0.395909 4
0.395752 4
0.395595 4
0.395451 4
0.395308 4
0.395167 4
0.395012 4
0.394707 4
0.39455 4
0.394392 4
0.394239 4
0.394093 4
0.39394 4
0.393798 4
0.393649 4
0.393503 4
0.393351 4
0.3932 4
0.393057 4
0.392762 4
0.392623 4
0.392481 4
0.392173 4
0.39202 4
0.391727 4
0.391445 4
0.391288 4
0.390986 4
0.390836 4
0.390678 4
0.390529 4
0.390373 4
0.390252 4
0.3901 4
0.389944 4
0.389795 4
0.389646 4
0.389492 4
0.38935 4
0.389212 4
0.389212 3
0.388916 3
0.388763 3
0.388607 3
0.388316 3
0.388159 3
0.388003 3
0.38785 3
0.387694 3
0.387546 3
0.387392 3
0.387236 3
0.387083 3
0.386938 3
0.386649 3
0.386493 3
0.386345 3
0.386184 3
0.386036 3
0.385891 3
0.385737 3
0.385433 3
0.385293 3
0.385153 3
0.385006 3
0.384852 3
0.384699 3
0.384574 3
0.384426 3
0.384274 3
0.384133 3
0.383987 3
0.383832 3
0.383677 3
0.383538 3
0.383387 3
0.383244 3
0.38309 3
0.382945 3
0.382802 3
0.382659 3
0.382515 3
0.382369 3
0.382213 3
0.382056 3
0.381905 3
0.381752 3
0.38144 3
0.381293 3
0.381134 3
0.380986 3
0.380841 3
0.380685 3
0.380532 3
0.380378 3
0.380236 3
0.380089 3
0.379941 3
0.379641 3
0.3795 3
0.379349 3
0.379201 3
0.378901 3
0.378744 3
0.378595 3
0.378434 3
0.378303 3
0.378146 3
0.377987 3
0.377828 3
0.377709 3
0.377417 3
0.377267 3
0.376953 3
0.3768 3
0.376659 3
0.376521 3
0.376365 3
0.37621 3
0.376074 3
0.375783 3
0.375624 3
0.375312 3
0.375156 3
0.375006 3
0.37486 3
0.374702 3
0.374541 3
0.374387 3
0.37423 3
0.373934 3
0.373806 3
0.37366 3
0.373499 3
0.373353 3
0.373194 3
0.373058 3
0.37291 3
0.372772 3
0.372625 3
0.372484 3
0.372332 3
0.37218 3
0.372032 3
0.371728 3
0.371571 3
0.371435 3
0.371277 3
0.371134 3
0.370984 3
0.370827 3
0.370523 3
0.370372 3
0.370253 3
0.370102 3
0.369943 3
0.369655 3
0.369353 3
0.369203 3
0.369057 3
0.368914 3
0.36876 3
0.368609 3
0.368455 3
0.368299 3
0.368164 3
0.368023 3
0.367871 3
0.367724 3
0.367572 3
0.367418 3
0.367294 3
0.367144 3
0.366994 3
0.366844 3
0.366692 3
0.366539 3
0.366392 3
0.366247 3
0.366095 3
0.36579 3
0.365491 3
0.36534 3
0.365198 3
0.365051 3
0.364898 3
0.364592 3
0.364438 3
0.364292 3
0.364144 3
0.363987 3
0.363842 3
0.363696 3
0.363551 3
0.363395 3
0.363232 3
0.363083 3
0.362935 3
0.362788 3
0.362645 3
0.362485 3
0.362329 3
0.362179 3
0.362029 3
0.361885 3
0.361727 3
0.361568 3
0.361422 3
0.361273 3
0.361119 3
0.360969 3
0.360817 3
0.360666 3
0.360515 3
0.360367 3
0.360208 3
0.360049 3
0.359895 3
0.359739 3
0.359591 3
0.359454 3
0.359301 3
0.359145 3
0.358841 3
0.358534 3
0.358388 3
0.358388 2
0.358243 2
0.358102 2
0.357945 2
0.357642 2
0.357342 2
0.357028 2
0.356882 2
0.356726 2
0.356587 2
0.356434 2
0.356288 2
0.355992 2
0.355839 2
0.355691 2
0.355554 2
0.355424 2
0.355278 2
0.355118 2
0.354978 2
0.354676 2
0.354528 2
0.35438 2
0.354219 2
0.354091 2
0.353935 2
0.353783 2
0.353629 2
0.353472 2
0.353324 2
0.353179 2
0.353024 2
0.352881 2
0.352737 2
0.352591 2
0.352443 2
0.352285 2
0.35215 2
0.352001 2
0.351854 2
0.351702 2
0.351547 2
0.351393 2
0.351242 2
0.351092 2
0.350936 2
0.350788 2
0.350634 2
0.35048 2
0.350327 2
0.350173 2
0.35003 2
0.349873 2
0.349727 2
0.349581 2
0.34945 2
0.349302 2
0.349147 2
0.348839 2
0.348678 2
0.34853 2
0.348388 2
0.348233 2
0.348083 2
0.347933 2
0.347782 2
0.347621 2
0.347467 2
0.347316 2
0.34717 2
0.347008 2
0.346869 2
0.346711 2
0.346547 2
0.346398 2
0.346099 2
0.345947 2
0.345803 2
0.345647 2
0.345491 2
0.34534 2
0.345027 2
0.344873 2
0.344722 2
0.344567 2
0.34442 2
0.344301 2
0.344144 2
0.343986 2
0.343834 2
0.343682 2
0.343541 2
0.34339 2
0.34324 2
0.343102 2
0.342955 2
0.342809 2
0.342664 2
0.342521 2
0.342383 2
0.342225 2
0.342068 2
0.34192 2
0.341762 2
0.341601 2
0.341444 2
0.34131 2
0.341141 2
0.341005 2
0.340849 2
0.340694 2
0.340542 2
0.340388 2
0.340078 2
0.339928 2
0.339774 2
0.339618 2
0.339464 2
0.339014 2
0.338876 2
0.338718 2
0.338576 2
0.338422 2
0.338277 2
0.338123 2
0.337966 2
0.33782 2
0.337682 2
0.337527 2
0.337372 2
0.337227 2
0.337073 2
0.336924 2
0.336773 2
0.336621 2
0.336324 2
0.336177 2
0.336036 2
0.335879 2
0.335738 2
0.335588 2
0.335444 2
0.335292 2
0.335146 2
0.334998 2
0.334852 2
0.334702 2
0.334544 2
0.334411 2
0.334265 2
0.334118 2
0.333974 2
0.333819 2
0.333675 2
0.33352 2
0.333374 2
0.333216 2
0.333068 2
0.332927 2
0.33278 2
0.332626 2
0.332467 2
0.33231 2
0.332006 2
0.331709 2
0.331566 2
0.331426 2
0.331271 2
0.331116 2
0.330802 2
0.330682 2
0.330541 2
0.330381 2
0.330239 2
0.330098 2
0.329951 2
0.329816 2
0.329663 2
0.329505 2
0.329353 2
0.329193 2
0.329047 2
0.328894 2
0.328583 2
0.328425 2
0.328268 2
0.328125 2
0.32797 2
0.327825 2
0.327686 2
0.327538 2
0.327404 2
0.327106 2
0.326956 2
0.326809 2
0.326663 2
0.326503 2
0.326354 2
0.326041 2
0.325892 2
0.325728 2
0.32543 2
0.325278 2
0.325124 2
0.324837 2
0.324681 2
0.324374 2
0.324231 2
0.324084 2
0.323943 2
0.323799 2
0.323661 2
0.32351 2
0.323353 2
0.323204 2
0.323046 2
0.322895 2
0.322767 2
0.322621 2
0.322468 2
0.322313 2
0.322168 2
0.321861 2
0.321707 2
0.321553 2
0.321413 2
0.32126 2
0.321119 2
0.320962 2
0.320808 2
0.320651 2
0.32051 2
0.320209 2
0.320053 2
0.319897 2
0.319737 2
0.319582 2
0.319422 2
0.319275 2
0.319121 2
0.318965 2
0.318814 2
0.318657 2
0.318521 2
0.318369 2
0.318217 2
0.318066 2
0.317907 2
0.317753 2
0.317601 2
0.317444 2
0.317306 2
0.317174 2
0.317027 2
0.316883 2
0.316727 2
0.316574 2
0.316443 2
0.316294 2
0.316012 2
0.315872 2
0.315726 2
0.315577 2
0.315419 2
0.315266 2
0.315106 2
0.314977 2
0.314828 2
0.314551 2
0.314426 2
0.314278 2
0.314123 2
0.313969 2
0.313814 2
0.313662 2
0.313346 2
0.31319 2
0.313033 2
0.31288 2
0.312728 2
0.312575 2
0.31244 2
0.312282 2
0.312122 2
0.311981 2
0.311827 2
0.311363 2
0.311214 2
0.310916 2
0.310795 2
0.310642 2
0.310502 2
0.310347 2
0.310191 2
0.310036 2
0.309876 2
0.309727 2
0.309437 2
0.309295 2
0.309143 2
0.308988 2
0.308837 2
0.308675 2
0.30852 2
0.308229 2
0.308071 2
0.30791 2
0.307777 2
0.307614 2
0.307476 2
0.307338 2
0.307204 2
0.307053 2
0.306898 2
0.30674 2
0.306593 2
0.306446 2
0.306299 2
0.306137 2
0.305982 2
0.30584 2
0.305704 2
0.30557 2
0.305122 2
0.304975 2
0.304831 2
0.30436 2
0.304212 2
0.304065 2
0.303913 2
0.303623 2
0.303466 2
0.303308 2
0.303007 2
0.302852 2
0.302699 2
0.302552 2
0.302406 2
0.302249 2
0.302092 2
0.301941 2
0.301488 2
0.301338 2
0.301188 2
0.301032 2
0.300873 2
0.300569 2
0.300416 2
0.30027 2
0.300113 2
0.299961 2
0.299802 2
0.299646 2
0.299515 2
0.299358 2
0.299205 2
0.29908 2
0.298771 2
0.298623 2
0.298472 2
0.298316 2
0.298155 2
0.298012 2
0.297578 2
0.297278 2
0.29712 2
0.296977 2
0.296693 2
0.296536 2
0.296387 2
0.296237 2
0.296092 2
0.295944 2
0.295789 2
0.295638 2
0.295482 2
0.295177 2
0.295021 2
0.294879 2
0.294722 2
0.294569 2
0.294411 2
0.294269 2
0.29397 2
0.293818 2
0.293662 2
0.293526 2
0.293372 2
0.293235 2
0.29309 2
0.292942 2
0.292788 1
0.292655 1
0.2925 1
0.292346 1
0.292187 1
0.292031 1
0.291883 1
0.291734 1
0.29143 1
0.291276 1
0.291124 1
0.290975 1
0.290822 1
0.29053 1
0.290385 1
0.290228 1
0.289929 1
0.289617 1
0.289483 1
0.289348 1
0.289196 1
0.28907 1
0.288926 1
0.288784 1
0.28864 1
0.288509 1
0.288354 1
0.288205 1
0.288053 1
0.287911 1
0.287613 1
0.287322 1
0.287163 1
0.287013 1
0.286862 1
0.286709 1
0.286412 1
0.285959 1
0.285815 1
0.285658 1
0.285517 1
0.285362 1
0.285218 1
0.28507 1
0.284928 1
0.284793 1
0.284644 1
0.284503 1
0.284203 1
0.284043 1
0.283895 1
0.283595 1
0.283456 1
0.283302 1
0.283146 1
0.283007 1
0.282849 1
0.282694 1
0.28255 1
0.282398 1
0.282245 1
0.282092 1
0.281941 1
0.281778 1
0.281476 1
0.281318 1
0.281024 1
0.280866 1
0.280715 1
0.280555 1
0.280399 1
0.280085 1
0.27978 1
0.279624 1
0.279327 1
0.279188 1
0.279029 1
0.278889 1
0.278728 1
0.278433 1
0.278282 1
0.277983 1
0.27785 1
0.277708 1
0.277575 1
0.277435 1
0.277267 1
0.276956 1
0.276798 1
0.276646 1
0.27649 1
0.276347 1
0.276195 1
0.276044 1
0.275897 1
0.27561 1
0.275452 1
0.275299 1
0.27514 1
0.274987 1
0.274831 1
0.274539 1
0.274389 1
0.274237 1
0.274083 1
0.273928 1
0.273801 1
0.273645 1
0.27349 1
0.273335 1
0.273182 1
0.272879 1
0.272579 1
0.272423 1
0.272423 0
0.272266 0
0.271962 0
0.271665 0
0.271521 0
0.271381 0
0.271237 0
0.271082 0
0.270931 0
0.270793 0
0.270523 0
0.270376 0
0.270076 0
0.269917 0
0.26977 0
0.269616 0
0.269463 0
0.269308 0
0.269163 0
0.26886 0
0.268705 0
0.268548 0
0.268397 0
0.268237 0
0.268087 0
0.267928 0
0.267787 0
0.267646 0
0.267505 0
0.267359 0
0.267057 0
0.266743 0
0.266608 0
0.266148 0
0.265996 0
0.265843 0
0.265687 0
0.265397 0
0.265237 0
0.264931 0
0.264793 0
0.264491 0
0.264335 0
0.264182 0
0.264039 0
0.263883 0
0.263738 0
0.263605 0
0.263454 0
0.263295 0
0.263141 0
0.262986 0
0.262835 0
0.262682 0
0.262367 0
0.262205 0
0.262052 0
0.261909 0
0.261762 0
0.261313 0
0.261176 0
0.260878 0
0.26074 0
0.260612 0
0.260453 0
0.260303 0
0.26001 0
0.259855 0
0.259724 0
0.259577 0
0.259439 0
0.25928 0
0.259128 0
0.258986 0
0.258701 0
0.258557 0
0.258404 0
0.258266 0
0.258107 0
0.257812 0
0.257659 0
0.257505 0
0.257349 0
0.257195 0
0.256723 0
0.25642 0
0.256261 0
0.256107 0
0.25596 0
0.255805 0
0.255648 0
0.255354 0
0.255218 0
0.255062 0
0.254907 0
0.254746 0
0.254436 0
0.254296 0
0.254143 0
0.253992 0
0.25386 0
0.253709 0
0.253559 0
0.25341 0
0.253255 0
0.253106 0
0.252792 0
0.252637 0
0.252486 0
0.252329 0
0.252028 0
0.251875 0
0.251725 0
0.251566 0
0.251435 0
0.251295 0
0.250994 0
0.250837 0
0.250556 0
0.250401 0
0.250245 0
0.249937 0
0.249463 0
0.249146 0
0.248987 0
0.248835 0
0.248683 0
0.248522 0
0.248373 0
0.248213 0
0.248062 0
0.247913 0
0.247762 0
0.247617 0
0.247466 0
0.247318 0
0.247176 0
0.247035 0
0.246899 0
0.246592 0
0.246437 0
0.246287 0
0.245978 0
0.245817 0
0.245673 0
0.245531 0
0.245384 0
0.24523 0
0.244773 0
0.244482 0
0.24434 0
0.244196 0
0.24389 0
0.243749 0
0.243444 0
0.243298 0
0.243141 0
0.242996 0
0.242851 0
0.242702 0
0.242414 0
0.242267 0
0.242109 0
0.241961 0
0.241812 0
0.241664 0
0.241515 0
0.24137 0
0.241059 0
0.240902 0
0.240745 0
0.240596 0
0.240437 0
0.240291 0
0.239982 0
0.239671 0
0.23937 0
0.239216 0
0.239067 0
0.238911 0
0.23877 0
0.23863 0
0.238474 0
0.238333 0
0.238037 0
0.23788 0
0.237731 0
0.237588 0
0.237429 0
0.237146 0
0.236994 0
0.236681 0
0.236539 0
0.236395 0
0.236247 0
0.236089 0
0.235934 0
0.235643 0
0.235491 0
0.235343 0
0.235195 0
0.235044 0
0.234886 0
0.234734 0
0.234587 0
0.23443 0
0.234128 0
0.233981 0
0.233834 0
0.233674 0
0.233514 0
0.233398 0
0.23325 0
0.2331 0
0.232946 0
0.232798 0
0.232641 0
0.232492 0
0.23234 0
0.232186 0
0.231886 0
0.231592 0
0.231439 0
0.231291 0
0.231126 0
0.23099 0
0.23083 0
0.230679 0
0.230528 0
0.230375 0
0.230073 0
0.229923 0
0.229764 0
0.229635 0
0.229347 0
0.22919 0
0.229041 0
0.228908 0
0.228758 0
0.22861 0
0.228459 0
0.228302 0
0.228142 0
0.227991 0
0.227696 0
0.227541 0
0.227233 0
0.227104 0
0.226953 0
0.226793 0
0.226646 0
0.226495 0
0.226341 0
0.226196 0
0.226058 0
0.225916 0
0.225763 0
0.225626 0
0.225471 0
0.225317 0
0.225007 0
0.224856 0
0.22471 0
0.224564 0
0.224252 0
0.2241 0
0.22395 0
0.223798 0
0.223657 0
0.223502 0
0.223355 0
0.223197 0
0.223053 0
0.222902 0
0.222746 0
0.222594 0
0.222438 0
0.222141 0
0.221523 0
0.221386 0
0.221078 0
0.22092 0
0.220787 0
0.220628 0
0.220481 0
0.220331 0
0.220184 0
0.220027 0
0.219886 0
0.219731 0
0.219576 0
0.219284 0
0.218989 0
0.218829 0
0.218684 0
0.218527 0
0.218369 0
0.218212 0
0.218059 0
0.217927 0
0.217773 0
0.217329 0
0.217195 0
0.216887 0
0.216753 0
0.216454 0
0.216153 0
0.216 0
0.215702 0
0.215556 0
0.2154 0
0.215246 0
0.215093 0
0.214939 0
0.214785 0
0.214631 0
0.214482 0
0.214176 0
0.214035 0
0.213888 0
0.21373 0
0.213438 0
0.213297 0
0.213147 0
0.213011 0
0.212866 0
0.212709 0
0.212565 0
0.212431 0
0.212298 0
0.212146 0
0.212002 0
0.21185 0
0.211701 0
0.211551 0
0.211399 0
0.211243 0
0.21093 0
0.210794 0
0.210644 0
0.210492 0
0.210343 0
0.2102 0
0.210047 0
0.209906 0
0.20947 0
0.209308 0
0.20916 0
0.209008 0
0.208867 0
0.208712 0
0.208568 0
0.208256 0
0.208103 0
0.207943 0
0.207631 0
0.207323 0
0.207183 0
0.207036 0
0.206773 0
0.206618 0
0.206466 0
0.206318 0
0.206163 0
0.205857 0
0.205706 0
0.205556 0
0.205411 0
0.205255 0
0.205104 0
0.204943 0
0.204493 0
0.204342 0
0.204191 0
0.204037 0
0.203888 0
0.203736 0
0.203585 0
0.203434 0
0.203284 0
0.202989 0
0.202832 0
0.202681 0
0.202528 0
0.202219 0
0.202072 0
0.201769 0
0.20161 0
0.201454 0
0.201315 0
0.20116 0
0.201005 0
0.200852 0
0.200706 0
0.200569 0
0.200417 0
0.200269 0
0.200114 0
0.199958 0
0.199803 0
0.199652 0
0.199506 0
0.199375 0
0.199067 0
0.198914 0
0.198763 0
0.198471 0
0.19832 0
0.198011 0
0.197708 0
0.197555 0
0.197252 0
0.197101 0
0.196946 0
0.196785 0
0.196625 0
0.196331 0
0.196185 0
0.196026 0
0.19588 0
0.195722 0
0.195573 0
0.19542 0
0.19515 0
0.19499 0
0.194684 0
0.194532 0
0.194382 0
0.19408 0
0.193928 0
0.193769 0
0.193618 0
0.193316 0
0.193169 0
0.19287 0
0.192721 0
0.19257 0
0.192268 0
0.191971 0
0.191829 0
0.19169 0
0.19124 0
0.191088 0
0.190936 0
0.19078 0
0.190632 0
0.190483 0
0.190326 0
0.190186 0
0.189867 0
0.189722 0
0.189565 0
0.189419 0
0.189273 0
0.18912 0
0.188965 0
0.188814 0
0.188669 0
0.188367 0
0.187908 0
0.187752 0
0.187596 0
0.187437 0
0.187311 0
0.187156 0
0.187004 0
0.186851 0
0.186706 0
0.186555 0
0.186401 0
0.18625 0
0.186089 0
0.185941 0
0.185791 0
0.185645 0
0.185485 0
0.185334 0
0.185177 0
0.184869 0
0.184717 0
0.184567 0
0.184416 0
0.184265 0
0.183958 0
0.183797 0
0.183649 0
0.18349 0
0.183342 0
0.183185 0
0.183029 0
0.182871 0
0.182725 0
0.182571 0
0.182421 0
0.182266 0
0.182108 0
0.181651 0
0.181345 0
0.181195 0
0.180895 0
0.180744 0
0.180447 0
0.180307 0
0.179992 0
0.179853 0
0.179711 0
0.179556 0
0.179401 0
0.179255 0
0.179103 0
0.17896 0
0.178805 0
0.178657 0
0.178504 0
0.17835 0
0.178196 0
0.178039 0
0.1779 0
0.177751 0
0.177592 0
0.177308 0
0.177163 0
0.177038 0
0.176883 0
0.17675 0
0.176591 0
0.176436 0
0.176295 0
0.17615 0
0.175997 0
0.175841 0
0.175705 0
0.175546 0
0.175401 0
0.175101 0
0.174794 0
0.17464 0
0.174488 0
0.174186 0
0.174029 0
0.173873 0
0.173725 0
0.17358 0
0.173117 0
0.172967 0
0.172827 0
0.172672 0
0.172518 0
0.172363 0
0.172212 0
0.172072 0
0.171942 0
0.171793 0
0.171499 0
0.171358 0
0.171202 0
0.171049 0
0.170893 0
0.17059 0
0.17045 0
0.170301 0
0.17014 0
0.169994 0
0.169847 0
0.169698 0
0.16955 0
0.169232 0
0.169082 0
0.168928 0
0.168773 0
0.168619 0
0.168316 0
0.16816 0
0.168002 0
0.167865 0
0.167557 0
0.167403 0
0.167248 0
0.167091 0
0.166937 0
0.166789 0
0.16649 0
0.166335 0
0.166212 0
0.165902 0
0.165744 0
0.165597 0
0.1653 0
0.165149 0
0.164999 0
0.164695 0
0.164547 0
0.164095 0
0.163796 0
0.163644 0
0.163489 0
0.163187 0
0.16303 0
0.162888 0
0.162736 0
0.162426 0
0.162274 0
0.162117 0
0.16196 0
0.16181 0
0.161666 0
0.161056 0
0.160899 0
0.160746 0
0.160587 0
0.160297 0
0.159994 0
0.159841 0
0.15954 0
0.159389 0
0.159243 0
0.159102 0
0.158802 0
0.15865 0
0.158504 0
0.15835 0
0.158189 0
0.157897 0
0.15759 0
0.156978 0
0.15682 0
0.156668 0
0.156517 0
0.156365 0
0.156223 0
0.15592 0
0.155769 0
0.155621 0
0.155468 0
0.155325 0
0.155166 0
0.154856 0
0.154702 0
0.154548 0
0.154392 0
0.154095 0
0.153783 0
0.15363 0
0.15348 0
0.153326 0
0.153166 0
0.153014 0
0.152871 0
0.152714 0
0.152392 0
0.152101 0
0.151953 0
0.151795 0
0.151639 0
0.151481 0
0.151325 0
0.151172 0
0.150694 0
0.150236 0
0.150104 0
0.149799 0
0.149645 0
0.149492 0
0.149039 0
0.148733 0
0.148438 0
0.148119 0
0.14781 0
0.147654 0
0.147503 0
0.147362 0
0.147211 0
0.147058 0
0.146914 0
0.146765 0
0.14661 0
0.146449 0
0.146294 0
0.145982 0
0.145666 0
0.145509 0
0.145357 0
0.145199 0
0.145039 0
0.144881 0
0.14457 0
0.144255 0
0.144104 0
0.14364 0
0.143484 0
0.143328 0
0.143168 0
0.14287 0
0.142567 0
0.142407 0
0.142258 0
0.142122 0
0.141975 0
0.141822 0
0.141679 0
0.141531 0
0.141228 0
0.141079 0
0.140933 0
0.14079 0
0.140634 0
0.140489 0
0.140177 0
0.139868 0
0.139717 0
0.139565 0
0.139404 0
0.138941 0
0.138789 0
0.138635 0
0.138334 0
0.138028 0
0.137876 0
0.137742 0
0.137584 0
0.137111 0
0.136813 0
0.136661 0
0.136503 0
0.136346 0
0.136194 0
0.135875 0
0.135268 0
0.135114 0
0.134957 0
0.134796 0
0.134652 0
0.134182 0
0.134027 0
0.133868 0
0.133549 0
0.13311 0
0.132957 0
0.132804 0
0.132646 0
0.132491 0
0.132338 0
0.132198 0
0.131744 0
0.13159 0
0.131436 0
0.131283 0
0.131152 0
0.130864 0
0.130564 0
0.130102 0
0.129957 0
0.129816 0
0.129671 0
0.129358 0
0.129044 0
0.128736 0
0.128582 0
0.12827 0
0.128111 0
0.127647 0
0.127488 0
0.127341 0
0.127183 0
0.127048 0
0.126738 0
0.126592 0
0.126282 0
0.126133 0
0.12598 0
0.125829 0
0.125672 0
0.125523 0
0.125378 0
0.125221 0
0.125066 0
0.12463 0
0.124496 0
0.124355 0
0.124203 0
0.124062 0
0.123913 0
0.123763 0
0.123611 0
0.123453 0
0.1233 0
0.122829 0
0.122678 0
0.122532 0
0.12222 0
0.121922 0
0.121765 0
0.121613 0
0.12146 0
0.121311 0
0.121012 0
0.120694 0
0.120401 0
0.120247 0
0.120113 0
0.119497 0
0.119044 0
0.118899 0
0.118745 0
0.118584 0
0.118445 0
0.11831 0
0.118016 0
0.117857 0
0.117548 0
0.117243 0
0.117085 0
0.116948 0
0.116795 0
0.116644 0
0.116501 0
0.116345 0
0.116036 0
0.115879 0
0.11573 0
0.115588 0
0.115439 0
0.115125 0
0.114967 0
0.11482 0
0.114663 0
0.11436 0
0.114203 0
0.114051 0
0.11374 0
0.113432 0
0.113285 0
0.113139 0
0.113002 0
0.1127 0
0.112551 0
0.112246 0
0.112096 0
0.11194 0
0.111792 0
0.11133 0
0.111174 0
0.11102 0
0.110874 0
0.110576 0
0.110411 0
0.11025 0
0.110092 0
0.109794 0
0.109653 0
0.1095 0
0.109345 0
0.109038 0
0.108878 0
0.108569 0
0.108416 0
0.108106 0
0.107952 0
0.107655 0
0.1075 0
0.107037 0
0.106879 0
0.106578 0
0.106265 0
0.10598 0
0.105829 0
0.105677 0
0.105522 0
0.105361 0
0.105214 0
0.105061 0
0.104915 0
0.10477 0
0.10462 0
0.104307 0
0.104017 0
0.103865 0
0.103707 0
0.103551 0
0.10324 0
0.103093 0
0.102933 0
0.102785 0
0.102496 0
0.102335 0
0.102182 0
0.102045 0
0.101889 0
0.101738 0
0.101439 0
0.101137 0
0.100995 0
0.100839 0
0.100692 0
0.100537 0
0.100096 0
0.0999474 0
0.0998112 0
0.0996668 0
0.0995277 0
0.0993685 0
0.0992242 0
0.0990717 0
0.0987754 0
0.0984628 0
0.0983243 0
0.0980291 0
0.0978727 0
0.0977218 0
0.0975842 0
0.0971134 0
0.0966798 0
0.0965288 0
0.0962472 0
0.0960893 0
0.0959367 0
0.0958007 0
0.0956524 0
0.0955116 0
0.0953503 0
0.0950589 0
0.0949089 0
0.094752 0
0.0946028 0
0.0944505 0
0.093993 0
0.0938407 0
0.0935336 0
0.0933734 0
0.0932277 0
0.0930744 0
0.0929243 0
0.0927762 0
0.0926358 0
0.0924915 0
0.0921767 0
0.0920377 0
0.0918803 0
0.0917243 0
0.0915702 0
0.0912632 0
0.0911133 0
0.0909659 0
0.0906648 0
0.0905188 0
0.0903575 0
0.090203 0
0.0900561 0
0.0899002 0
0.0897543 0
0.0895974 0
0.0894472 0
0.0892958 0
0.0891446 0
0.0886941 0
0.0881104 0
0.0879548 0
0.0878094 0
0.0876533 0
0.0874972 0
0.0873387 0
0.087034 0
0.0867211 0
0.0864175 0
0.0861163 0
0.0859583 0
0.0856545 0
0.0855068 0
0.0853552 0
0.0851993 0
0.0850419 0
0.0844464 0
0.0842913 0
0.0841373 0
0.0836659 0
0.0833705 0
0.0830515 0
0.0827587 0
0.0821445 0
0.0816859 0
0.0812316 0
0.0807668 0
0.0806087 0
0.080463 0
0.0803068 0
0.0801548 0
0.0798783 0
0.0795721 0
0.0794225 0
0.0791271 0
0.0789844 0
0.0786752 0
0.078521 0
0.0783666 0
0.0782098 0
0.0780529 0
0.0777445 0
0.077466 0
0.0773193 0
0.0771639 0
0.0770096 0
0.0763983 0
0.0762493 0
0.0761205 0
0.0758159 0
0.0756647 0
0.0755132 0
0.0753586 0
0.0752071 0
0.0750623 0
0.0749105 0
0.0747719 0
0.0746152 0
0.0741698 0
0.0740172 0
0.0738717 0
0.0737132 0
0.0735598 0
0.0732532 0
0.0731091 0
0.0729385 0
0.0726459 0
0.0724907 0
0.0723326 0
0.0721729 0
0.0717026 0
0.0715429 0
0.0712344 0
0.0710827 0
0.0709331 0
0.0707669 0
0.0706204 0
0.0703151 0
0.0701445 0
0.0699928 0
0.0698405 0
0.0696907 0
0.0695525 0
0.0694004 0
0.0692452 0
0.0689348 0
0.0687889 0
0.0686333 0
0.0683318 0
0.0681867 0
0.0680292 0
0.0677188 0
0.0675759 0
0.0672733 0
0.0671193 0
0.0669639 0
0.0665104 0
0.0663591 0
0.0658943 0
0.0657479 0
0.0654397 0
0.0652825 0
0.0649762 0
0.0646626 0
0.0642121 0
0.0640595 0
0.0639098 0
0.063753 0
0.0634441 0
0.0632904 0
0.0629824 0
0.0626782 0
0.0623644 0
0.0622141 0
0.0620566 0
0.0619053 0
0.0617622 0
0.0616098 0
0.0614556 0
0.0613124 0
0.0611641 0
0.0610101 0
0.0608619 0
0.0605632 0
0.0604078 0
0.0602534 0
0.0600995 0
0.059942 0
0.0597926 0
0.0596417 0
0.0591894 0
0.0590303 0
0.0587237 0
0.0585668 0
0.0581072 0
0.0576623 0
0.0575146 0
0.0573565 0
0.0570562 0
0.0569053 0
0.0566129 0
0.0564601 0
0.0563042 0
0.0561529 0
0.0560163 0
0.0558819 0
0.0557292 0
0.055412 0
0.0550969 0
0.0549405 0
0.0547819 0
0.0546247 0
0.0544729 0
0.0543184 0
0.0540254 0
0.0538821 0
0.0537264 0
0.0535664 0
0.0534135 0
0.0532764 0
0.0529738 0
0.0526713 0
0.0525134 0
0.0522174 0
0.0519168 0
0.0514892 0
0.0513328 0
0.0511816 0
0.0510331 0
0.0508796 0
0.0507355 0
0.0504501 0
0.0501529 0
0.0498463 0
0.0496862 0
0.0495344 0
0.0493767 0
0.0492176 0
0.0487631 0
0.0486207 0
0.0484763 0
0.0483323 0
0.0481867 0
0.0480311 0
0.04774 0
0.0475903 0
0.0472978 0
0.0471562 0
0.0470021 0
0.0468474 0
0.0465408 0
0.0463851 0
0.0462422 0
0.0459416 0
0.0457951 0
0.0456509 0
0.0454955 0
0.0451945 0
0.0450351 0
0.044721 0
0.0445665 0
0.0444316 0
0.0442833 0
0.0441266 0
0.0439738 0
0.0436604 0
0.0432041 0
0.0428938 0
0.0427337 0
0.0424305 0
0.0422721 0
0.0421243 0
0.0418177 0
0.0416694 0
0.0413695 0
0.0412138 0
0.0410677 0
0.0409144 0
0.0404601 0
0.0403077 0
0.0401467 0
0.0399978 0
0.03985 0
0.039693 0
0.039389 0
0.039081 0
0.0389368 0
0.0387814 0
0.0386292 0
0.0384759 0
0.0383212 0
0.0381663 0
0.0380104 0
0.0377075 0
0.0372703 0
0.0371142 0
0.0369554 0
0.0367999 0
0.0366431 0
0.0364926 0
0.0363349 0
0.0358737 0
0.035399 0
0.0352448 0
0.0349406 0
0.0347905 0
0.0346354 0
0.0343258 0
0.0341763 0
0.0340203 0
0.0338751 0
0.0335692 0
0.0334244 0
0.0332636 0
0.0331034 0
0.03295 0
0.0327968 0
0.0326625 0
0.0319061 0
0.031586 0
0.0314296 0
0.031287 0
0.0311302 0
0.030523 0
0.0303799 0
0.0300775 0
0.0299231 0
0.0297658 0
0.0296229 0
0.029487 0
0.0290314 0
0.0288721 0
0.0287219 0
0.0285669 0
0.0284237 0
0.0281069 0
0.027646 0
0.0275 0
0.0273469 0
0.0270319 0
0.0268757 0
0.0265794 0
0.0264221 0
0.0261165 0
0.0259621 0
0.025803 0
0.0254929 0
0.0253533 0
0.0251949 0
0.0250466 0
0.0249033 0
0.0247568 0
0.0246008 0
0.0244466 0
0.0242975 0
0.0240134 0
0.023868 0
0.0237194 0
0.0235612 0
0.0234077 0
0.0232509 0
0.0231035 0
0.0229443 0
0.0223495 0
0.0220681 0
0.0219181 0
0.0217731 0
0.0216175 0
0.0213035 0
0.0211497 0
0.0208589 0
0.0206995 0
0.0203995 0
0.0202512 0
0.0200973 0
0.0199521 0
0.0197928 0
0.0196473 0
0.0194957 0
0.0193456 0
0.019198 0
0.0188861 0
0.0187268 0
0.0185687 0
0.0184146 0
0.0181215 0
0.0179814 0
0.0178214 0
0.0176651 0
0.0175074 0
0.0173645 0
0.0172214 0
0.0169267 0
0.0167769 0
0.016622 0
0.0164778 0
0.0163283 0
0.0161837 0
0.0160481 0
0.0158973 0
0.0157428 0
0.015586 0
0.0154385 0
0.0152907 0
0.0151343 0
0.0149854 0
0.0146756 0
0.014528 0
0.0143764 0
0.014221 0
0.0140629 0
0.0137628 0
0.0133115 0
0.0131551 0
0.0130079 0
0.0127042 0
0.0125597 0
0.0122493 0
0.012099 0
0.0119417 0
0.0117843 0
0.0116356 0
0.0114895 0
0.0113403 0
0.0108768 0
0.0107397 0
0.0105862 0
0.0104367 0
0.0102883 0
0.00997444 0
0.0098273 0
0.00968794 0
0.00937759 0
0.00922562 0
0.00892998 0
0.0087861 0
0.00862849 0
0.00847178 0
0.0083149 0
0.00816112 0
0.00801003 0
0.00785244 0
0.00756326 0
0.00741816 0
0.00728242 0
0.00712907 0
0.00696296 0
0.00665521 0
0.00635924 0
0.00621112 0
0.00606203 0
0.00590504 0
0.00574817 0
0.00559332 0
0.00544928 0
0.0051491 0
0.00499305 0
0.00468109 0
0.00452835 0
0.00438019 0
0.00422753 0
0.00408087 0
0.00392901 0
0.00376974 0
0.00362589 0
0.00347157 0
0.0033143 0
0.00300501 0
0.00286024 0
0.0025463 0
0.00239016 0
0.0022393 0
0.00208927 0
0.00194528 0
0.00180187 0
0.00165955 0
0.00150348 0
0.00135424 0
0.00121977 0
0.00106259 0
0.000753623 0
0.000597341 0
0.000446572 0
0.000294907 0
0.000147491 0
